
Disconnect of port COM4 executed

Disconnect of port COM4 executed

Connected to COM4 at 115200
prog start
hv ver: 3.12
-3 -3 -3 -3 -3   |   0   |   0  0  0  0  0   |   0 
-3 -3 -3 -3 -3   |   0   |  -3  0  0  0  0   |   0 
-3 -3 -3 -3 -3   |   0   |  -3  0  0  0  0   |   0 
-3 -3 -3 -3 -3   |   0   |  -3 -3  0  0  0   |   0 
-3 -3 -3 -3 -3   |   0   |  -3 -3  0  0  0   |   0 
-3 -3 -3 -3 -3   |   0   |  -3 -3 -3  0  0   |   0 
-3 -3 -3 -3 -3   |   0   |  -3 -3 -3  0  0   |   0 
-3 -3 -3 -3 -3   |   0   |  -3 -3 -3 -3  0   |   0 
-3 -3 -3 -3 -3   |   0   |  -3 -3 -3 -3  0   |   0 
-3 -3 -3 -3 -3   |   0   |  -3 -3 -3 -3 -3   |   0 
-3 -3 -3 -3 -3   |   0   |  -3 -3 -3 -3 -3   |   0 
-3 -3 -3 -3 -3   |   0   |  -3 -3 -3 -3 -3   |   0 
-3 -3 -3 -3 -3   |   0   |  -3 -3 -3 -3 -3   |   0 
-3 -3 -3 -3 -3   |   0   |  -3 -3 -3 -3 -3   |   0 
-3 -3 -3 -3 -3   |   0   |  -3 -3 -3 -3 -3   |   0 
-3 -3 -3 -3 -3   |   0   |  -3 -3 -3 -3 -3   |   0 
-3 -3 -3 -3 -3   |   0   |  -3 -3 -3 -3 -3   |   0 
-3 -3 -3 -3 -3   |   0   |  -3 -3 -3 -3 -3   |   0 
-3 -3 -3 -3 -3   |   0   |  -3 -3 -3 -3 -3   |   0 
-3 -3 -3 -3 -3   |   0   |  -3 -3 -3 -3 -3   |   0 
-3 -3 -3 -3 -3   |   0   |  -3 -3 -3 -3 -3   |   0 
-3 -3 -3 -3 -3   |   0   |  -3 -3 -3 -3 -3   |   0 
-3 -3 -3 -3 -3   |   0   |  -3 -3 -3 -3 -3   |   0 
-3 -3 -3 -3 -3   |   0   |  -3 -3 -3 -3 -3   |   0 
-3 -3 -3 -3 -3   |   0   |  -3 -3 -3 -3 -3   |   0 
-3 -3 -3 -3 -3   |   0   |  -3 -3 -3 -3 -3   |   0 
-3 -3 -3 -3 -3   |   0   |  -3 -3 -3 -3 -3   |   0 
-3 -3 -3 -3 -3   |   0   |  -3 -3 -3 -3 -3   |   0 
-3 -3 -3 -3 -3   |   0   |  -3 -3 -3 -3 -3   |   0 
-3 -3 -3 -3 -3   |   0   |  -3 -3 -3 -3 -3   |   0 
-3 -3 -3 -3 -3   |   0   |  -3 -3 -3 -3 -3   |   0 
-3 -3 -3 -3 -3   |   0   |  -3 -3 -3 -3 -3   |   0 
-3 -3 -3 -3 -3   |   0   |  -3 -3 -3 -3 -3   |   0 
-3 -3 -3 -3 -3   |   0   |  -3 -3 -3 -3 -3   |   0 
-3 -3 -3 -3 -3   |   0   |  -3 -3 -3 -3 -3   |   0 
-3 -3 -3 -3 -3   |   0   |  -3 -3 -3 -3 -3   |   0 
-3 -3 -3 -3 -3   |   0   |  -3 -3 -3 -3 -3   |   0 
-3 -3 -3 -3 -3   |   0   |  -3 -3 -3 -3 -3   |   0 
-3 -3 -3 -3 -3   |   0   |  -3 -3 -3 -3 -3   |   0 
-3 -3 -3 -3 -3   |   0   |   3 -3 -3 -3 -3   |   1 
-3 -3 -3 -3 -3   |   0   |   3 -3 -3 -3 -3   |   1 
-3 -3 -3 -3 -3   |   0   |  -3  3 -3 -3 -3   |   0 
-3 -3 -3 -3 -3   |   0   |  -3  3 -3 -3 -3   |   0 
-3 -3 -3 -3 -3   |   0   |   3 -3  3 -3 -3   |   1 
 3 -3 -3 -3  3   |   1   |   3 -3  3 -3 -3   |   1 
 3 -3 -3 -3  3   |   1   |  -3  3 -3  3 -3   |   0 
 3  3 -3 -3  3   |   1   |  -3  3 -3  3 -3   |   0 
 3  3 -3 -3  3   |   1   |  -3 -3  3 -3  3   |   0 
 3  3  3 -3  3   |   1   |  -3 -3  3 -3  3   |   0 
 3  3  3 -3  3   |   1   |  -3 -3 -3  3 -3   |   0 
 3  3  3  3  3   |   1   |  -3 -3 -3  3 -3   |   0 
 3  3  3  3  3   |   1   |  -3 -3 -3 -3  3   |   0 
-3  3  3  3 -3   |   0   |  -3 -3 -3 -3  3   |   0 
-3  3  3  3 -3   |   0   |  -3 -3 -3 -3 -3   |   0 
-3 -3  3  3 -3   |   0   |  -3 -3 -3 -3 -3   |   0 
-3 -3  3  3 -3   |   0   |  -3 -3 -3 -3 -3   |   0 
-3 -3 -3  3 -3   |   0   |  -3 -3 -3 -3 -3   |   0 
-3 -3 -3  3 -3   |   0   |  -3 -3 -3 -3 -3   |   0 
-3 -3 -3 -3 -3   |   0   |  -3 -3 -3 -3 -3   |   0 
-3 -3 -3 -3 -3   |   0   |  -3 -3 -3 -3 -3   |   0 
-3 -3 -3 -3 -3   |   0   |  -3 -3 -3 -3 -3   |   0 
-3 -3 -3 -3 -3   |   0   |  -3 -3 -3 -3 -3   |   0 
-3 -3 -3 -3 -3   |   0   |  -3 -3 -3 -3 -3   |   0 
-3 -3 -3 -3 -3   |   0   |  -3 -3 -3 -3 -3   |   0 
-3 -3 -3 -3 -3   |   0   |  -3 -3 -3 -3 -3   |   0 
-3 -3 -3 -3 -3   |   0   |  -3 -3 -3 -3 -3   |   0 
-3 -3 -3 -3 -3   |   0   |  -3 -3 -3 -3 -3   |   0 
-3 -3 -3 -3 -3   |   0   |  -3 -3 -3 -3 -3   |   0 
-3 -3 -3 -3 -3   |   0   |  -3 -3 -3 -3 -3   |   0 
-3 -3 -3 -3 -3   |   0   |  -3 -3 -3 -3 -3   |   0 
-3 -3 -3 -3 -3   |   0   |  -3 -3 -3 -3 -3   |   0 
-3 -3 -3 -3 -3   |   0   |  -3 -3 -3 -3 -3   |   0 
-3 -3 -3 -3 -3   |   0   |  -3 -3 -3 -3 -3   |   0 
-3 -3 -3 -3 -3   |   0   |  -3 -3 -3 -3 -3   |   0 
-3 -3 -3 -3 -3   |   0   |  -3 -3 -3 -3 -3   |   0 
-3 -3 -3 -3 -3   |   0   |  -3 -3 -3 -3 -3   |   0 
-3 -3 -3 -3 -3   |   0   |  -3 -3 -3 -3 -3   |   0 
-3 -3 -3 -3 -3   |   0   |  -3 -3 -3 -3 -3   |   0 
-3 -3 -3 -3 -3   |   0   |  -3 -3 -3 -3 -3   |   0 
-3 -3 -3 -3 -3   |   0   |  -3 -3 -3 -3 -3   |   0 
-3 -3 -3 -3 -3   |   0   |  -3 -3 -3 -3 -3   |   0 
-3 -3 -3 -3 -3   |   0   |  -3 -3 -3 -3 -3   |   0 
-3 -3 -3 -3 -3   |   0   |  -3 -3 -3 -3 -3   |   0 
-3 -3 -3 -3 -3   |   0   |  -3 -3 -3 -3 -3   |   0 
-3 -3 -3 -3 -3   |   0   |  -3 -3 -3 -3 -3   |   0 
-3 -3 -3 -3 -3   |   0   |  -3 -3 -3 -3 -3   |   0 
-3 -3 -3 -3 -3   |   0   |  -3 -3 -3 -3 -3   |   0 
-3 -3 -3 -3 -3   |   0   |  -3 -3 -3 -3 -3   |   0 
-3 -3 -3 -3 -3   |   0   |  -3 -3 -3 -3 -3   |   0 
-3 -3 -3 -3 -3   |   0   |  -3 -3 -3 -3 -3   |   0 
-3 -3 -3 -3 -3   |   0   |  -3 -3 -3 -3 -3   |   0 
-3 -3 -3 -3 -3   |   0   |  -3 -3 -3 -3 -3   |   0 
-3 -3 -3 -3 -3   |   0   |  -3 -3 -3 -3 -3   |   0 
-3 -3 -3 -3 -3   |   0   |  -3 -3 -3 -3 -3   |   0 
-3 -3 -3 -3 -3   |   0   |  -3 -3 -3 -3 -3   |   0 
-3 -3 -3 -3 -3   |   0   |  -3 -3 -3 -3 -3   |   0 
-3 -3 -3 -3 -3   |   0   |  -3 -3 -3 -3 -3   |   0 
-3 -3 -3 -3 -3   |   0   |  -3 -3 -3 -3 -3   |   0 
-3 -3 -3 -3 -3   |   0   |  -3 -3 -3 -3 -3   |   0 
-3 -3 -3 -3 -3   |   0   |  -3 -3 -3 -3 -3   |   0 
-3 -3 -3 -3 -3   |   0   |  -3 -3 -3 -3 -3   |   0 
-3 -3 -3 -3 -3   |   0   |  -3 -3 -3 -3 -3   |   0 
-3 -3 -3 -3 -3   |   0   |  -3 -3 -3 -3 -3   |   0 
-3 -3 -3 -3 -3   |   0   |   3 -3 -3 -3 -3   |   1 
-3 -3 -3 -3 -3   |   0   |   3 -3 -3 -3 -3   |   1 
-3 -3 -3 -3 -3   |   0   |  -3  3 -3 -3 -3   |   0 
-3 -3 -3 -3 -3   |   0   |  -3  3 -3 -3 -3   |   0 
-3 -3 -3 -3 -3   |   0   |   3 -3  3 -3 -3   |   1 
 3 -3 -3 -3  3   |   1   |   3 -3  3 -3 -3   |   1 
 3 -3 -3 -3  3   |   1   |  -3  3 -3  3 -3   |   0 
 3  3 -3 -3  3   |   1   |  -3  3 -3  3 -3   |   0 
 3  3 -3 -3  3   |   1   |  -3 -3  3 -3  3   |   0 
 3  3  3 -3  3   |   1   |  -3 -3  3 -3  3   |   0 
 3  3  3 -3  3   |   1   |  -3 -3 -3  3 -3   |   0 
 3  3  3  3  3   |   1   |  -3 -3 -3  3 -3   |   0 
 3  3  3  3  3   |   1   |  -3 -3 -3 -3  3   |   0 
-3  3  3  3 -3   |   0   |  -3 -3 -3 -3  3   |   0 
-3  3  3  3 -3   |   0   |  -3 -3 -3 -3 -3   |   0 
-3 -3  3  3 -3   |   0   |  -3 -3 -3 -3 -3   |   0 
-3 -3  3  3 -3   |   0   |  -3 -3 -3 -3 -3   |   0 
-3 -3 -3  3 -3   |   0   |  -3 -3 -3 -3 -3   |   0 
-3 -3 -3  3 -3   |   0   |  -3 -3 -3 -3 -3   |   0 
-3 -3 -3 -3 -3   |   0   |  -3 -3 -3 -3 -3   |   0 
-3 -3 -3 -3 -3   |   0   |  -3 -3 -3 -3 -3   |   0 
-3 -3 -3 -3 -3   |   0   |  -3 -3 -3 -3 -3   |   0 
-3 -3 -3 -3 -3   |   0   |  -3 -3 -3 -3 -3   |   0 
-3 -3 -3 -3 -3   |   0   |  -3 -3 -3 -3 -3   |   0 
-3 -3 -3 -3 -3   |   0   |  -3 -3 -3 -3 -3   |   0 
-3 -3 -3 -3 -3   |   0   |  -3 -3 -3 -3 -3   |   0 
-3 -3 -3 -3 -3   |   0   |  -3 -3 -3 -3 -3   |   0 
-3 -3 -3 -3 -3   |   0   |  -3 -3 -3 -3 -3   |   0 
-3 -3 -3 -3 -3   |   0   |  -3 -3 -3 -3 -3   |   0 
-3 -3 -3 -3 -3   |   0   |  -3 -3 -3 -3 -3   |   0 
-3 -3 -3 -3 -3   |   0   |  -3 -3 -3 -3 -3   |   0 
-3 -3 -3 -3 -3   |   0   |  -3 -3 -3 -3 -3   |   0 
-3 -3 -3 -3 -3   |   0   |  -3 -3 -3 -3 -3   |   0 
-3 -3 -3 -3 -3   |   0   |  -3 -3 -3 -3 -3   |   0 
-3 -3 -3 -3 -3   |   0   |  -3 -3 -3 -3 -3   |   0 
-3 -3 -3 -3 -3   |   0   |  -3 -3 -3 -3 -3   |   0 
-3 -3 -3 -3 -3   |   0   |  -3 -3 -3 -3 -3   |   0 
-3 -3 -3 -3 -3   |   0   |  -3 -3 -3 -3 -3   |   0 
-3 -3 -3 -3 -3   |   0   |  -3 -3 -3 -3 -3   |   0 
-3 -3 -3 -3 -3   |   0   |  -3 -3 -3 -3 -3   |   0 
-3 -3 -3 -3 -3   |   0   |  -3 -3 -3 -3 -3   |   0 
-3 -3 -3 -3 -3   |   0   |  -3 -3 -3 -3 -3   |   0 
-3 -3 -3 -3 -3   |   0   |  -3 -3 -3 -3 -3   |   0 
-3 -3 -3 -3 -3   |   0   |  -3 -3 -3 -3 -3   |   0 
-3 -3 -3 -3 -3   |   0   |  -3 -3 -3 -3 -3   |   0 
-3 -3 -3 -3 -3   |   0   |  -3 -3 -3 -3 -3   |   0 
-3 -3 -3 -3 -3   |   0   |  -3 -3 -3 -3 -3   |   0 
-3 -3 -3 -3 -3   |   0   |  -3 -3 -3 -3 -3   |   0 
-3 -3 -3 -3 -3   |   0   |  -3 -3 -3 -3 -3   |   0 
-3 -3 -3 -3 -3   |   0   |  -3 -3 -3 -3 -3   |   0 
-3 -3 -3 -3 -3   |   0   |  -3 -3 -3 -3 -3   |   0 
-3 -3 -3 -3 -3   |   0   |  -3 -3 -3 -3 -3   |   0 
-3 -3 -3 -3 -3   |   0   |  -3 -3 -3 -3 -3   |   0 
-3 -3 -3 -3 -3   |   0   |  -3 -3 -3 -3 -3   |   0 
-3 -3 -3 -3 -3   |   0   |  -3 -3 -3 -3 -3   |   0 
-3 -3 -3 -3 -3   |   0   |  -3 -3 -3 -3 -3   |   0 
-3 -3 -3 -3 -3   |   0   |  -3 -3 -3 -3 -3   |   0 
-3 -3 -3 -3 -3   |   0   |  -3 -3 -3 -3 -3   |   0 
-3 -3 -3 -3 -3   |   0   |  -3 -3 -3 -3 -3   |   0 
-3 -3 -3 -3 -3   |   0   |  -3 -3 -3 -3 -3   |   0 
-3 -3 -3 -3 -3   |   0   |  -3 -3 -3 -3 -3   |   0 
-3 -3 -3 -3 -3   |   0   |  -3 -3 -3 -3 -3   |   0 
-3 -3 -3 -3 -3   |   0   |  -3 -3 -3 -3 -3   |   0 
-3 -3 -3 -3 -3   |   0   |  -3 -3 -3 -3 -3   |   0 
-3 -3 -3 -3 -3   |   0   |   3 -3 -3 -3 -3   |   1 
-3 -3 -3 -3 -3   |   0   |   3 -3 -3 -3 -3   |   1 
-3 -3 -3 -3 -3   |   0   |  -3  3 -3 -3 -3   |   0 
-3 -3 -3 -3 -3   |   0   |  -3  3 -3 -3 -3   |   0 
-3 -3 -3 -3 -3   |   0   |   3 -3  3 -3 -3   |   1 
 3 -3 -3 -3  3   |   1   |   3 -3  3 -3 -3   |   1 
 3 -3 -3 -3  3   |   1   |  -3  3 -3  3 -3   |   0 
 3  3 -3 -3  3   |   1   |  -3  3 -3  3 -3   |   0 
 3  3 -3 -3  3   |   1   |  -3 -3  3 -3  3   |   0 
 3  3  3 -3  3   |   1   |  -3 -3  3 -3  3   |   0 
 3  3  3 -3  3   |   1   |  -3 -3 -3  3 -3   |   0 
 3  3  3  3  3   |   1   |  -3 -3 -3  3 -3   |   0 
 3  3  3  3  3   |   1   |  -3 -3 -3 -3  3   |   0 
-3  3  3  3 -3   |   0   |  -3 -3 -3 -3  3   |   0 
-3  3  3  3 -3   |   0   |  -3 -3 -3 -3 -3   |   0 
-3 -3  3  3 -3   |   0   |  -3 -3 -3 -3 -3   |   0 
-3 -3  3  3 -3   |   0   |  -3 -3 -3 -3 -3   |   0 
-3 -3 -3  3 -3   |   0   |  -3 -3 -3 -3 -3   |   0 
-3 -3 -3  3 -3   |   0   |  -3 -3 -3 -3 -3   |   0 
-3 -3 -3 -3 -3   |   0   |  -3 -3 -3 -3 -3   |   0 
-3 -3 -3 -3 -3   |   0   |  -3 -3 -3 -3 -3   |   0 
-3 -3 -3 -3 -3   |   0   |  -3 -3 -3 -3 -3   |   0 
-3 -3 -3 -3 -3   |   0   |  -3 -3 -3 -3 -3   |   0 
-3 -3 -3 -3 -3   |   0   |  -3 -3 -3 -3 -3   |   0 
-3 -3 -3 -3 -3   |   0   |  -3 -3 -3 -3 -3   |   0 
-3 -3 -3 -3 -3   |   0   |  -3 -3 -3 -3 -3   |   0 
-3 -3 -3 -3 -3   |   0   |  -3 -3 -3 -3 -3   |   0 
-3 -3 -3 -3 -3   |   0   |  -3 -3 -3 -3 -3   |   0 
-3 -3 -3 -3 -3   |   0   |  -3 -3 -3 -3 -3   |   0 
-3 -3 -3 -3 -3   |   0   |  -3 -3 -3 -3 -3   |   0 
-3 -3 -3 -3 -3   |   0   |  -3 -3 -3 -3 -3   |   0 
-3 -3 -3 -3 -3   |   0   |  -3 -3 -3 -3 -3   |   0 
-3 -3 -3 -3 -3   |   0   |  -3 -3 -3 -3 -3   |   0 
-3 -3 -3 -3 -3   |   0   |  -3 -3 -3 -3 -3   |   0 
-3 -3 -3 -3 -3   |   0   |  -3 -3 -3 -3 -3   |   0 
-3 -3 -3 -3 -3   |   0   |  -3 -3 -3 -3 -3   |   0 
-3 -3 -3 -3 -3   |   0   |  -3 -3 -3 -3 -3   |   0 
-3 -3 -3 -3 -3   |   0   |  -3 -3 -3 -3 -3   |   0 
-3 -3 -3 -3 -3   |   0   |  -3 -3 -3 -3 -3   |   0 
-3 -3 -3 -3 -3   |   0   |  -3 -3 -3 -3 -3   |   0 
-3 -3 -3 -3 -3   |   0   |  -3 -3 -3 -3 -3   |   0 
-3 -3 -3 -3 -3   |   0   |  -3 -3 -3 -3 -3   |   0 
-3 -3 -3 -3 -3   |   0   |  -3 -3 -3 -3 -3   |   0 
-3 -3 -3 -3 -3   |   0   |  -3 -3 -3 -3 -3   |   0 
-3 -3 -3 -3 -3   |   0   |  -3 -3 -3 -3 -3   |   0 
-3 -3 -3 -3 -3   |   0   |  -3 -3 -3 -3 -3   |   0 
-3 -3 -3 -3 -3   |   0   |  -3 -3 -3 -3 -3   |   0 
-3 -3 -3 -3 -3   |   0   |  -3 -3 -3 -3 -3   |   0 
-3 -3 -3 -3 -3   |   0   |  -3 -3 -3 -3 -3   |   0 
-3 -3 -3 -3 -3   |   0   |  -3 -3 -3 -3 -3   |   0 
-3 -3 -3 -3 -3   |   0   |  -3 -3 -3 -3 -3   |   0 
-3 -3 -3 -3 -3   |   0   |  -3 -3 -3 -3 -3   |   0 
-3 -3 -3 -3 -3   |   0   |  -3 -3 -3 -3 -3   |   0 
-3 -3 -3 -3 -3   |   0   |  -3 -3 -3 -3 -3   |   0 
-3 -3 -3 -3 -3   |   0   |  -3 -3 -3 -3 -3   |   0 
-3 -3 -3 -3 -3   |   0   |  -3 -3 -3 -3 -3   |   0 
-3 -3 -3 -3 -3   |   0   |  -3 -3 -3 -3 -3   |   0 
-3 -3 -3 -3 -3   |   0   |  -3 -3 -3 -3 -3   |   0 
-3 -3 -3 -3 -3   |   0   |  -3 -3 -3 -3 -3   |   0 
-3 -3 -3 -3 -3   |   0   |  -3 -3 -3 -3 -3   |   0 
-3 -3 -3 -3 -3   |   0   |  -3 -3 -3 -3 -3   |   0 
-3 -3 -3 -3 -3   |   0   |  -3 -3 -3 -3 -3   |   0 
-3 -3 -3 -3 -3   |   0   |  -3 -3 -3 -3 -3   |   0 
-3 -3 -3 -3 -3   |   0   |  -3 -3 -3 -3 -3   |   0 
-3 -3 -3 -3 -3   |   0   |   3 -3 -3 -3 -3   |   1 
-3 -3 -3 -3 -3   |   0   |   3 -3 -3 -3 -3   |   1 
-3 -3 -3 -3 -3   |   0   |  -3  3 -3 -3 -3   |   0 
-3 -3 -3 -3 -3   |   0   |  -3  3 -3 -3 -3   |   0 
-3 -3 -3 -3 -3   |   0   |   3 -3  3 -3 -3   |   1 
 3 -3 -3 -3  3   |   1   |   3 -3  3 -3 -3   |   1 
 3 -3 -3 -3  3   |   1   |  -3  3 -3  3 -3   |   0 
 3  3 -3 -3  3   |   1   |  -3  3 -3  3 -3   |   0 
 3  3 -3 -3  3   |   1   |  -3 -3  3 -3  3   |   0 
 3  3  3 -3  3   |   1   |  -3 -3  3 -3  3   |   0 
 3  3  3 -3  3   |   1   |  -3 -3 -3  3 -3   |   0 
 3  3  3  3  3   |   1   |  -3 -3 -3  3 -3   |   0 
 3  3  3  3  3   |   1   |  -3 -3 -3 -3  3   |   0 
-3  3  3  3 -3   |   0   |  -3 -3 -3 -3  3   |   0 
-3  3  3  3 -3   |   0   |  -3 -3 -3 -3 -3   |   0 
-3 -3  3  3 -3   |   0   |  -3 -3 -3 -3 -3   |   0 
-3 -3  3  3 -3   |   0   |  -3 -3 -3 -3 -3   |   0 
-3 -3 -3  3 -3   |   0   |  -3 -3 -3 -3 -3   |   0 
-3 -3 -3  3 -3   |   0   |  -3 -3 -3 -3 -3   |   0 
-3 -3 -3 -3 -3   |   0   |  -3 -3 -3 -3 -3   |   0 
-3 -3 -3 -3 -3   |   0   |  -3 -3 -3 -3 -3   |   0 
-3 -3 -3 -3 -3   |   0   |  -3 -3 -3 -3 -3   |   0 
-3 -3 -3 -3 -3   |   0   |  -3 -3 -3 -3 -3   |   0 
-3 -3 -3 -3 -3   |   0   |  -3 -3 -3 -3 -3   |   0 
-3 -3 -3 -3 -3   |   0   |  -3 -3 -3 -3 -3   |   0 
-3 -3 -3 -3 -3   |   0   |  -3 -3 -3 -3 -3   |   0 
-3 -3 -3 -3 -3   |   0   |  -3 -3 -3 -3 -3   |   0 
-3 -3 -3 -3 -3   |   0   |  -3 -3 -3 -3 -3   |   0 
-3 -3 -3 -3 -3   |   0   |  -3 -3 -3 -3 -3   |   0 
-3 -3 -3 -3 -3   |   0   |  -3 -3 -3 -3 -3   |   0 
-3 -3 -3 -3 -3   |   0   |  -3 -3 -3 -3 -3   |   0 
-3 -3 -3 -3 -3   |   0   |  -3 -3 -3 -3 -3   |   0 
-3 -3 -3 -3 -3   |   0   |  -3 -3 -3 -3 -3   |   0 
-3 -3 -3 -3 -3   |   0   |  -3 -3 -3 -3 -3   |   0 
-3 -3 -3 -3 -3   |   0   |  -3 -3 -3 -3 -3   |   0 
-3 -3 -3 -3 -3   |   0   |  -3 -3 -3 -3 -3   |   0 
-3 -3 -3 -3 -3   |   0   |  -3 -3 -3 -3 -3   |   0 
-3 -3 -3 -3 -3   |   0   |  -3 -3 -3 -3 -3   |   0 
-3 -3 -3 -3 -3   |   0   |  -3 -3 -3 -3 -3   |   0 
-3 -3 -3 -3 -3   |   0   |  -3 -3 -3 -3 -3   |   0 
-3 -3 -3 -3 -3   |   0   |  -3 -3 -3 -3 -3   |   0 
-3 -3 -3 -3 -3   |   0   |  -3 -3 -3 -3 -3   |   0 
-3 -3 -3 -3 -3   |   0   |  -3 -3 -3 -3 -3   |   0 
-3 -3 -3 -3 -3   |   0   |  -3 -3 -3 -3 -3   |   0 
-3 -3 -3 -3 -3   |   0   |  -3 -3 -3 -3 -3   |   0 
-3 -3 -3 -3 -3   |   0   |  -3 -3 -3 -3 -3   |   0 
-3 -3 -3 -3 -3   |   0   |  -3 -3 -3 -3 -3   |   0 
-3 -3 -3 -3 -3   |   0   |  -3 -3 -3 -3 -3   |   0 
-3 -3 -3 -3 -3   |   0   |  -3 -3 -3 -3 -3   |   0 
-3 -3 -3 -3 -3   |   0   |  -3 -3 -3 -3 -3   |   0 
-3 -3 -3 -3 -3   |   0   |  -3 -3 -3 -3 -3   |   0 
-3 -3 -3 -3 -3   |   0   |  -3 -3 -3 -3 -3   |   0 
-3 -3 -3 -3 -3   |   0   |  -3 -3 -3 -3 -3   |   0 
-3 -3 -3 -3 -3   |   0   |  -3 -3 -3 -3 -3   |   0 
-3 -3 -3 -3 -3   |   0   |  -3 -3 -3 -3 -3   |   0 
-3 -3 -3 -3 -3   |   0   |  -3 -3 -3 -3 -3   |   0 
-3 -3 -3 -3 -3   |   0   |  -3 -3 -3 -3 -3   |   0 
-3 -3 -3 -3 -3   |   0   |  -3 -3 -3 -3 -3   |   0 
-3 -3 -3 -3 -3   |   0   |  -3 -3 -3 -3 -3   |   0 
-3 -3 -3 -3 -3   |   0   |  -3 -3 -3 -3 -3   |   0 
-3 -3 -3 -3 -3   |   0   |  -3 -3 -3 -3 -3   |   0 
-3 -3 -3 -3 -3   |   0   |  -3 -3 -3 -3 -3   |   0 
-3 -3 -3 -3 -3   |   0   |  -3 -3 -3 -3 -3   |   0 
-3 -3 -3 -3 -3   |   0   |  -3 -3 -3 -3 -3   |   0 
-3 -3 -3 -3 -3   |   0   |   3 -3 -3 -3 -3   |   1 
-3 -3 -3 -3 -3   |   0   |   3 -3 -3 -3 -3   |   1 
-3 -3 -3 -3 -3   |   0   |  -3  3 -3 -3 -3   |   0 
-3 -3 -3 -3 -3   |   0   |  -3  3 -3 -3 -3   |   0 
-3 -3 -3 -3 -3   |   0   |   3 -3  3 -3 -3   |   1 
 3 -3 -3 -3  3   |   1   |   3 -3  3 -3 -3   |   1 
 3 -3 -3 -3  3   |   1   |  -3  3 -3  3 -3   |   0 
 3  3 -3 -3  3   |   1   |  -3  3 -3  3 -3   |   0 
 3  3 -3 -3  3   |   1   |  -3 -3  3 -3  3   |   0 
 3  3  3 -3  3   |   1   |  -3 -3  3 -3  3   |   0 
 3  3  3 -3  3   |   1   |  -3 -3 -3  3 -3   |   0 
 3  3  3  3  3   |   1   |  -3 -3 -3  3 -3   |   0 
 3  3  3  3  3   |   1   |  -3 -3 -3 -3  3   |   0 
-3  3  3  3 -3   |   0   |  -3 -3 -3 -3  3   |   0 
-3  3  3  3 -3   |   0   |  -3 -3 -3 -3 -3   |   0 
-3 -3  3  3 -3   |   0   |  -3 -3 -3 -3 -3   |   0 
-3 -3  3  3 -3   |   0   |  -3 -3 -3 -3 -3   |   0 
-3 -3 -3  3 -3   |   0   |  -3 -3 -3 -3 -3   |   0 
-3 -3 -3  3 -3   |   0   |  -3 -3 -3 -3 -3   |   0 
-3 -3 -3 -3 -3   |   0   |  -3 -3 -3 -3 -3   |   0 
-3 -3 -3 -3 -3   |   0   |  -3 -3 -3 -3 -3   |   0 
-3 -3 -3 -3 -3   |   0   |  -3 -3 -3 -3 -3   |   0 
-3 -3 -3 -3 -3   |   0   |  -3 -3 -3 -3 -3   |   0 
-3 -3 -3 -3 -3   |   0   |  -3 -3 -3 -3 -3   |   0 
-3 -3 -3 -3 -3   |   0   |  -3 -3 -3 -3 -3   |   0 
-3 -3 -3 -3 -3   |   0   |  -3 -3 -3 -3 -3   |   0 
-3 -3 -3 -3 -3   |   0   |  -3 -3 -3 -3 -3   |   0 
-3 -3 -3 -3 -3   |   0   |  -3 -3 -3 -3 -3   |   0 
-3 -3 -3 -3 -3   |   0   |  -3 -3 -3 -3 -3   |   0 
-3 -3 -3 -3 -3   |   0   |  -3 -3 -3 -3 -3   |   0 
-3 -3 -3 -3 -3   |   0   |  -3 -3 -3 -3 -3   |   0 
-3 -3 -3 -3 -3   |   0   |  -3 -3 -3 -3 -3   |   0 
-3 -3 -3 -3 -3   |   0   |  -3 -3 -3 -3 -3   |   0 
-3 -3 -3 -3 -3   |   0   |  -3 -3 -3 -3 -3   |   0 
-3 -3 -3 -3 -3   |   0   |  -3 -3 -3 -3 -3   |   0 
-3 -3 -3 -3 -3   |   0   |  -3 -3 -3 -3 -3   |   0 
-3 -3 -3 -3 -3   |   0   |  -3 -3 -3 -3 -3   |   0 
-3 -3 -3 -3 -3   |   0   |  -3 -3 -3 -3 -3   |   0 
-3 -3 -3 -3 -3   |   0   |  -3 -3 -3 -3 -3   |   0 
-3 -3 -3 -3 -3   |   0   |  -3 -3 -3 -3 -3   |   0 
-3 -3 -3 -3 -3   |   0   |  -3 -3 -3 -3 -3   |   0 
-3 -3 -3 -3 -3   |   0   |  -3 -3 -3 -3 -3   |   0 
-3 -3 -3 -3 -3   |   0   |  -3 -3 -3 -3 -3   |   0 
-3 -3 -3 -3 -3   |   0   |  -3 -3 -3 -3 -3   |   0 
-3 -3 -3 -3 -3   |   0   |  -3 -3 -3 -3 -3   |   0 
-3 -3 -3 -3 -3   |   0   |  -3 -3 -3 -3 -3   |   0 
-3 -3 -3 -3 -3   |   0   |  -3 -3 -3 -3 -3   |   0 
-3 -3 -3 -3 -3   |   0   |  -3 -3 -3 -3 -3   |   0 
-3 -3 -3 -3 -3   |   0   |  -3 -3 -3 -3 -3   |   0 
-3 -3 -3 -3 -3   |   0   |  -3 -3 -3 -3 -3   |   0 
-3 -3 -3 -3 -3   |   0   |  -3 -3 -3 -3 -3   |   0 
-3 -3 -3 -3 -3   |   0   |  -3 -3 -3 -3 -3   |   0 
-3 -3 -3 -3 -3   |   0   |  -3 -3 -3 -3 -3   |   0 
-3 -3 -3 -3 -3   |   0   |  -3 -3 -3 -3 -3   |   0 
-3 -3 -3 -3 -3   |   0   |  -3 -3 -3 -3 -3   |   0 
-3 -3 -3 -3 -3   |   0   |  -3 -3 -3 -3 -3   |   0 
-3 -3 -3 -3 -3   |   0   |  -3 -3 -3 -3 -3   |   0 
-3 -3 -3 -3 -3   |   0   |  -3 -3 -3 -3 -3   |   0 
-3 -3 -3 -3 -3   |   0   |  -3 -3 -3 -3 -3   |   0 
-3 -3 -3 -3 -3   |   0   |  -3 -3 -3 -3 -3   |   0 
-3 -3 -3 -3 -3   |   0   |  -3 -3 -3 -3 -3   |   0 
-3 -3 -3 -3 -3   |   0   |  -3 -3 -3 -3 -3   |   0 
-3 -3 -3 -3 -3   |   0   |  -3 -3 -3 -3 -3   |   0 
-3 -3 -3 -3 -3   |   0   |  -3 -3 -3 -3 -3   |   0 
-3 -3 -3 -3 -3   |   0   |   3 -3 -3 -3 -3   |   1 
-3 -3 -3 -3 -3   |   0   |   3 -3 -3 -3 -3   |   1 
-3 -3 -3 -3 -3   |   0   |  -3  3 -3 -3 -3   |   0 
-3 -3 -3 -3 -3   |   0   |  -3  3 -3 -3 -3   |   0 
-3 -3 -3 -3 -3   |   0   |   3 -3  3 -3 -3   |   1 
 3 -3 -3 -3  3   |   1   |   3 -3  3 -3 -3   |   1 
 3 -3 -3 -3  3   |   1   |  -3  3 -3  3 -3   |   0 
 3  3 -3 -3  3   |   1   |  -3  3 -3  3 -3   |   0 
 3  3 -3 -3  3   |   1   |  -3 -3  3 -3  3   |   0 
 3  3  3 -3  3   |   1   |  -3 -3  3 -3  3   |   0 
 3  3  3 -3  3   |   1   |  -3 -3 -3  3 -3   |   0 
 3  3  3  3  3   |   1   |  -3 -3 -3  3 -3   |   0 
 3  3  3  3  3   |   1   |  -3 -3 -3 -3  3   |   0 
-3  3  3  3 -3   |   0   |  -3 -3 -3 -3  3   |   0 
-3  3  3  3 -3   |   0   |  -3 -3 -3 -3 -3   |   0 
-3 -3  3  3 -3   |   0   |  -3 -3 -3 -3 -3   |   0 
-3 -3  3  3 -3   |   0   |  -3 -3 -3 -3 -3   |   0 
-3 -3 -3  3 -3   |   0   |  -3 -3 -3 -3 -3   |   0 
-3 -3 -3  3 -3   |   0   |  -3 -3 -3 -3 -3   |   0 
-3 -3 -3 -3 -3   |   0   |  -3 -3 -3 -3 -3   |   0 
-3 -3 -3 -3 -3   |   0   |  -3 -3 -3 -3 -3   |   0 
-3 -3 -3 -3 -3   |   0   |  -3 -3 -3 -3 -3   |   0 
-3 -3 -3 -3 -3   |   0   |  -3 -3 -3 -3 -3   |   0 
-3 -3 -3 -3 -3   |   0   |  -3 -3 -3 -3 -3   |   0 
-3 -3 -3 -3 -3   |   0   |  -3 -3 -3 -3 -3   |   0 
-3 -3 -3 -3 -3   |   0   |  -3 -3 -3 -3 -3   |   0 
-3 -3 -3 -3 -3   |   0   |  -3 -3 -3 -3 -3   |   0 
-3 -3 -3 -3 -3   |   0   |  -3 -3 -3 -3 -3   |   0 
-3 -3 -3 -3 -3   |   0   |  -3 -3 -3 -3 -3   |   0 
-3 -3 -3 -3 -3   |   0   |  -3 -3 -3 -3 -3   |   0 
-3 -3 -3 -3 -3   |   0   |  -3 -3 -3 -3 -3   |   0 
-3 -3 -3 -3 -3   |   0   |  -3 -3 -3 -3 -3   |   0 
-3 -3 -3 -3 -3   |   0   |  -3 -3 -3 -3 -3   |   0 
-3 -3 -3 -3 -3   |   0   |  -3 -3 -3 -3 -3   |   0 
-3 -3 -3 -3 -3   |   0   |  -3 -3 -3 -3 -3   |   0 
-3 -3 -3 -3 -3   |   0   |  -3 -3 -3 -3 -3   |   0 
-3 -3 -3 -3 -3   |   0   |  -3 -3 -3 -3 -3   |   0 
-3 -3 -3 -3 -3   |   0   |  -3 -3 -3 -3 -3   |   0 
-3 -3 -3 -3 -3   |   0   |  -3 -3 -3 -3 -3   |   0 
-3 -3 -3 -3 -3   |   0   |  -3 -3 -3 -3 -3   |   0 
-3 -3 -3 -3 -3   |   0   |  -3 -3 -3 -3 -3   |   0 
-3 -3 -3 -3 -3   |   0   |  -3 -3 -3 -3 -3   |   0 
-3 -3 -3 -3 -3   |   0   |  -3 -3 -3 -3 -3   |   0 
-3 -3 -3 -3 -3   |   0   |  -3 -3 -3 -3 -3   |   0 
-3 -3 -3 -3 -3   |   0   |  -3 -3 -3 -3 -3   |   0 
-3 -3 -3 -3 -3   |   0   |  -3 -3 -3 -3 -3   |   0 
-3 -3 -3 -3 -3   |   0   |  -3 -3 -3 -3 -3   |   0 
-3 -3 -3 -3 -3   |   0   |  -3 -3 -3 -3 -3   |   0 
-3 -3 -3 -3 -3   |   0   |  -3 -3 -3 -3 -3   |   0 
-3 -3 -3 -3 -3   |   0   |  -3 -3 -3 -3 -3   |   0 
-3 -3 -3 -3 -3   |   0   |  -3 -3 -3 -3 -3   |   0 
-3 -3 -3 -3 -3   |   0   |  -3 -3 -3 -3 -3   |   0 
-3 -3 -3 -3 -3   |   0   |  -3 -3 -3 -3 -3   |   0 
-3 -3 -3 -3 -3   |   0   |  -3 -3 -3 -3 -3   |   0 
-3 -3 -3 -3 -3   |   0   |  -3 -3 -3 -3 -3   |   0 
-3 -3 -3 -3 -3   |   0   |  -3 -3 -3 -3 -3   |   0 
-3 -3 -3 -3 -3   |   0   |  -3 -3 -3 -3 -3   |   0 
-3 -3 -3 -3 -3   |   0   |  -3 -3 -3 -3 -3   |   0 
-3 -3 -3 -3 -3   |   0   |  -3 -3 -3 -3 -3   |   0 
-3 -3 -3 -3 -3   |   0   |  -3 -3 -3 -3 -3   |   0 
-3 -3 -3 -3 -3   |   0   |  -3 -3 -3 -3 -3   |   0 
-3 -3 -3 -3 -3   |   0   |  -3 -3 -3 -3 -3   |   0 
-3 -3 -3 -3 -3   |   0   |  -3 -3 -3 -3 -3   |   0 
-3 -3 -3 -3 -3   |   0   |  -3 -3 -3 -3 -3   |   0 
-3 -3 -3 -3 -3   |   0   |   3 -3 -3 -3 -3   |   1 
-3 -3 -3 -3 -3   |   0   |   3 -3 -3 -3 -3   |   1 
-3 -3 -3 -3 -3   |   0   |  -3  3 -3 -3 -3   |   0 
-3 -3 -3 -3 -3   |   0   |  -3  3 -3 -3 -3   |   0 
-3 -3 -3 -3 -3   |   0   |   3 -3  3 -3 -3   |   1 
 3 -3 -3 -3  3   |   1   |   3 -3  3 -3 -3   |   1 
 3 -3 -3 -3  3   |   1   |  -3  3 -3  3 -3   |   0 
 3  3 -3 -3  3   |   1   |  -3  3 -3  3 -3   |   0 
 3  3 -3 -3  3   |   1   |  -3 -3  3 -3  3   |   0 
 3  3  3 -3  3   |   1   |  -3 -3  3 -3  3   |   0 
 3  3  3 -3  3   |   1   |  -3 -3 -3  3 -3   |   0 
 3  3  3  3  3   |   1   |  -3 -3 -3  3 -3   |   0 
 3  3  3  3  3   |   1   |  -3 -3 -3 -3  3   |   0 
-3  3  3  3 -3   |   0   |  -3 -3 -3 -3  3   |   0 
-3  3  3  3 -3   |   0   |  -3 -3 -3 -3 -3   |   0 
-3 -3  3  3 -3   |   0   |  -3 -3 -3 -3 -3   |   0 
-3 -3  3  3 -3   |   0   |  -3 -3 -3 -3 -3   |   0 
-3 -3 -3  3 -3   |   0   |  -3 -3 -3 -3 -3   |   0 
-3 -3 -3  3 -3   |   0   |  -3 -3 -3 -3 -3   |   0 
-3 -3 -3 -3 -3   |   0   |  -3 -3 -3 -3 -3   |   0 
-3 -3 -3 -3 -3   |   0   |  -3 -3 -3 -3 -3   |   0 
-3 -3 -3 -3 -3   |   0   |  -3 -3 -3 -3 -3   |   0 
-3 -3 -3 -3 -3   |   0   |  -3 -3 -3 -3 -3   |   0 
-3 -3 -3 -3 -3   |   0   |  -3 -3 -3 -3 -3   |   0 
-3 -3 -3 -3 -3   |   0   |  -3 -3 -3 -3 -3   |   0 
-3 -3 -3 -3 -3   |   0   |  -3 -3 -3 -3 -3   |   0 
-3 -3 -3 -3 -3   |   0   |  -3 -3 -3 -3 -3   |   0 
-3 -3 -3 -3 -3   |   0   |  -3 -3 -3 -3 -3   |   0 
-3 -3 -3 -3 -3   |   0   |  -3 -3 -3 -3 -3   |   0 
-3 -3 -3 -3 -3   |   0   |  -3 -3 -3 -3 -3   |   0 
-3 -3 -3 -3 -3   |   0   |  -3 -3 -3 -3 -3   |   0 
-3 -3 -3 -3 -3   |   0   |  -3 -3 -3 -3 -3   |   0 
-3 -3 -3 -3 -3   |   0   |  -3 -3 -3 -3 -3   |   0 
-3 -3 -3 -3 -3   |   0   |  -3 -3 -3 -3 -3   |   0 
-3 -3 -3 -3 -3   |   0   |  -3 -3 -3 -3 -3   |   0 
-3 -3 -3 -3 -3   |   0   |  -3 -3 -3 -3 -3   |   0 
-3 -3 -3 -3 -3   |   0   |  -3 -3 -3 -3 -3   |   0 
-3 -3 -3 -3 -3   |   0   |  -3 -3 -3 -3 -3   |   0 
-3 -3 -3 -3 -3   |   0   |  -3 -3 -3 -3 -3   |   0 
-3 -3 -3 -3 -3   |   0   |  -3 -3 -3 -3 -3   |   0 
-3 -3 -3 -3 -3   |   0   |  -3 -3 -3 -3 -3   |   0 
-3 -3 -3 -3 -3   |   0   |  -3 -3 -3 -3 -3   |   0 
-3 -3 -3 -3 -3   |   0   |  -3 -3 -3 -3 -3   |   0 
-3 -3 -3 -3 -3   |   0   |  -3 -3 -3 -3 -3   |   0 
-3 -3 -3 -3 -3   |   0   |  -3 -3 -3 -3 -3   |   0 
-3 -3 -3 -3 -3   |   0   |  -3 -3 -3 -3 -3   |   0 
-3 -3 -3 -3 -3   |   0   |  -3 -3 -3 -3 -3   |   0 
-3 -3 -3 -3 -3   |   0   |  -3 -3 -3 -3 -3   |   0 
-3 -3 -3 -3 -3   |   0   |  -3 -3 -3 -3 -3   |   0 
-3 -3 -3 -3 -3   |   0   |  -3 -3 -3 -3 -3   |   0 
-3 -3 -3 -3 -3   |   0   |  -3 -3 -3 -3 -3   |   0 
-3 -3 -3 -3 -3   |   0   |  -3 -3 -3 -3 -3   |   0 
-3 -3 -3 -3 -3   |   0   |  -3 -3 -3 -3 -3   |   0 
-3 -3 -3 -3 -3   |   0   |  -3 -3 -3 -3 -3   |   0 
-3 -3 -3 -3 -3   |   0   |  -3 -3 -3 -3 -3   |   0 
-3 -3 -3 -3 -3   |   0   |  -3 -3 -3 -3 -3   |   0 
-3 -3 -3 -3 -3   |   0   |  -3 -3 -3 -3 -3   |   0 
-3 -3 -3 -3 -3   |   0   |  -3 -3 -3 -3 -3   |   0 
-3 -3 -3 -3 -3   |   0   |  -3 -3 -3 -3 -3   |   0 
-3 -3 -3 -3 -3   |   0   |  -3 -3 -3 -3 -3   |   0 
-3 -3 -3 -3 -3   |   0   |  -3 -3 -3 -3 -3   |   0 
-3 -3 -3 -3 -3   |   0   |  -3 -3 -3 -3 -3   |   0 
-3 -3 -3 -3 -3   |   0   |  -3 -3 -3 -3 -3   |   0 
-3 -3 -3 -3 -3   |   0   |  -3 -3 -3 -3 -3   |   0 
-3 -3 -3 -3 -3   |   0   |   3 -3 -3 -3 -3   |   1 
-3 -3 -3 -3 -3   |   0   |   3 -3 -3 -3 -3   |   1 
-3 -3 -3 -3 -3   |   0   |  -3  3 -3 -3 -3   |   0 
-3 -3 -3 -3 -3   |   0   |  -3  3 -3 -3 -3   |   0 
-3 -3 -3 -3 -3   |   0   |   3 -3  3 -3 -3   |   1 
 3 -3 -3 -3  3   |   1   |   3 -3  3 -3 -3   |   1 
 3 -3 -3 -3  3   |   1   |  -3  3 -3  3 -3   |   0 
 3  3 -3 -3  3   |   1   |  -3  3 -3  3 -3   |   0 
 3  3 -3 -3  3   |   1   |  -3 -3  3 -3  3   |   0 
 3  3  3 -3  3   |   1   |  -3 -3  3 -3  3   |   0 
 3  3  3 -3  3   |   1   |  -3 -3 -3  3 -3   |   0 
 3  3  3  3  3   |   1   |  -3 -3 -3  3 -3   |   0 
 3  3  3  3  3   |   1   |  -3 -3 -3 -3  3   |   0 
-3  3  3  3 -3   |   0   |  -3 -3 -3 -3  3   |   0 
-3  3  3  3 -3   |   0   |  -3 -3 -3 -3 -3   |   0 
-3 -3  3  3 -3   |   0   |  -3 -3 -3 -3 -3   |   0 
-3 -3  3  3 -3   |   0   |  -3 -3 -3 -3 -3   |   0 
-3 -3 -3  3 -3   |   0   |  -3 -3 -3 -3 -3   |   0 
-3 -3 -3  3 -3   |   0   |  -3 -3 -3 -3 -3   |   0 
-3 -3 -3 -3 -3   |   0   |  -3 -3 -3 -3 -3   |   0 
-3 -3 -3 -3 -3   |   0   |  -3 -3 -3 -3 -3   |   0 
-3 -3 -3 -3 -3   |   0   |  -3 -3 -3 -3 -3   |   0 
-3 -3 -3 -3 -3   |   0   |  -3 -3 -3 -3 -3   |   0 
-3 -3 -3 -3 -3   |   0   |  -3 -3 -3 -3 -3   |   0 
-3 -3 -3 -3 -3   |   0   |  -3 -3 -3 -3 -3   |   0 
-3 -3 -3 -3 -3   |   0   |  -3 -3 -3 -3 -3   |   0 
-3 -3 -3 -3 -3   |   0   |  -3 -3 -3 -3 -3   |   0 
-3 -3 -3 -3 -3   |   0   |  -3 -3 -3 -3 -3   |   0 
-3 -3 -3 -3 -3   |   0   |  -3 -3 -3 -3 -3   |   0 
-3 -3 -3 -3 -3   |   0   |  -3 -3 -3 -3 -3   |   0 
-3 -3 -3 -3 -3   |   0   |  -3 -3 -3 -3 -3   |   0 
-3 -3 -3 -3 -3   |   0   |  -3 -3 -3 -3 -3   |   0 
-3 -3 -3 -3 -3   |   0   |  -3 -3 -3 -3 -3   |   0 
-3 -3 -3 -3 -3   |   0   |  -3 -3 -3 -3 -3   |   0 
-3 -3 -3 -3 -3   |   0   |  -3 -3 -3 -3 -3   |   0 
-3 -3 -3 -3 -3   |   0   |  -3 -3 -3 -3 -3   |   0 
-3 -3 -3 -3 -3   |   0   |  -3 -3 -3 -3 -3   |   0 
-3 -3 -3 -3 -3   |   0   |  -3 -3 -3 -3 -3   |   0 
-3 -3 -3 -3 -3   |   0   |  -3 -3 -3 -3 -3   |   0 
-3 -3 -3 -3 -3   |   0   |  -3 -3 -3 -3 -3   |   0 
-3 -3 -3 -3 -3   |   0   |  -3 -3 -3 -3 -3   |   0 
-3 -3 -3 -3 -3   |   0   |  -3 -3 -3 -3 -3   |   0 
-3 -3 -3 -3 -3   |   0   |  -3 -3 -3 -3 -3   |   0 
-3 -3 -3 -3 -3   |   0   |  -3 -3 -3 -3 -3   |   0 
-3 -3 -3 -3 -3   |   0   |  -3 -3 -3 -3 -3   |   0 
-3 -3 -3 -3 -3   |   0   |  -3 -3 -3 -3 -3   |   0 
-3 -3 -3 -3 -3   |   0   |  -3 -3 -3 -3 -3   |   0 
-3 -3 -3 -3 -3   |   0   |  -3 -3 -3 -3 -3   |   0 
-3 -3 -3 -3 -3   |   0   |  -3 -3 -3 -3 -3   |   0 
-3 -3 -3 -3 -3   |   0   |  -3 -3 -3 -3 -3   |   0 
-3 -3 -3 -3 -3   |   0   |  -3 -3 -3 -3 -3   |   0 
-3 -3 -3 -3 -3   |   0   |  -3 -3 -3 -3 -3   |   0 
-3 -3 -3 -3 -3   |   0   |  -3 -3 -3 -3 -3   |   0 
-3 -3 -3 -3 -3   |   0   |  -3 -3 -3 -3 -3   |   0 
-3 -3 -3 -3 -3   |   0   |  -3 -3 -3 -3 -3   |   0 
-3 -3 -3 -3 -3   |   0   |  -3 -3 -3 -3 -3   |   0 
-3 -3 -3 -3 -3   |   0   |  -3 -3 -3 -3 -3   |   0 
-3 -3 -3 -3 -3   |   0   |  -3 -3 -3 -3 -3   |   0 
-3 -3 -3 -3 -3   |   0   |  -3 -3 -3 -3 -3   |   0 
-3 -3 -3 -3 -3   |   0   |  -3 -3 -3 -3 -3   |   0 
-3 -3 -3 -3 -3   |   0   |  -3 -3 -3 -3 -3   |   0 
-3 -3 -3 -3 -3   |   0   |  -3 -3 -3 -3 -3   |   0 
-3 -3 -3 -3 -3   |   0   |  -3 -3 -3 -3 -3   |   0 
-3 -3 -3 -3 -3   |   0   |  -3 -3 -3 -3 -3   |   0 
-3 -3 -3 -3 -3   |   0   |   3 -3 -3 -3 -3   |   1 
-3 -3 -3 -3 -3   |   0   |   3 -3 -3 -3 -3   |   1 
-3 -3 -3 -3 -3   |   0   |  -3  3 -3 -3 -3   |   0 
-3 -3 -3 -3 -3   |   0   |  -3  3 -3 -3 -3   |   0 
-3 -3 -3 -3 -3   |   0   |   3 -3  3 -3 -3   |   1 
 3 -3 -3 -3  3   |   1   |   3 -3  3 -3 -3   |   1 
 3 -3 -3 -3  3   |   1   |  -3  3 -3  3 -3   |   0 
 3  3 -3 -3  3   |   1   |  -3  3 -3  3 -3   |   0 
 3  3 -3 -3  3   |   1   |  -3 -3  3 -3  3   |   0 
 3  3  3 -3  3   |   1   |  -3 -3  3 -3  3   |   0 
 3  3  3 -3  3   |   1   |  -3 -3 -3  3 -3   |   0 
 3  3  3  3  3   |   1   |  -3 -3 -3  3 -3   |   0 
 3  3  3  3  3   |   1   |  -3 -3 -3 -3  3   |   0 
-3  3  3  3 -3   |   0   |  -3 -3 -3 -3  3   |   0 
-3  3  3  3 -3   |   0   |  -3 -3 -3 -3 -3   |   0 
-3 -3  3  3 -3   |   0   |  -3 -3 -3 -3 -3   |   0 
-3 -3  3  3 -3   |   0   |  -3 -3 -3 -3 -3   |   0 
-3 -3 -3  3 -3   |   0   |  -3 -3 -3 -3 -3   |   0 
-3 -3 -3  3 -3   |   0   |  -3 -3 -3 -3 -3   |   0 
-3 -3 -3 -3 -3   |   0   |  -3 -3 -3 -3 -3   |   0 
-3 -3 -3 -3 -3   |   0   |  -3 -3 -3 -3 -3   |   0 
-3 -3 -3 -3 -3   |   0   |  -3 -3 -3 -3 -3   |   0 
-3 -3 -3 -3 -3   |   0   |  -3 -3 -3 -3 -3   |   0 
-3 -3 -3 -3 -3   |   0   |  -3 -3 -3 -3 -3   |   0 
-3 -3 -3 -3 -3   |   0   |  -3 -3 -3 -3 -3   |   0 
-3 -3 -3 -3 -3   |   0   |  -3 -3 -3 -3 -3   |   0 
-3 -3 -3 -3 -3   |   0   |  -3 -3 -3 -3 -3   |   0 
-3 -3 -3 -3 -3   |   0   |  -3 -3 -3 -3 -3   |   0 
-3 -3 -3 -3 -3   |   0   |  -3 -3 -3 -3 -3   |   0 
-3 -3 -3 -3 -3   |   0   |  -3 -3 -3 -3 -3   |   0 
-3 -3 -3 -3 -3   |   0   |  -3 -3 -3 -3 -3   |   0 
-3 -3 -3 -3 -3   |   0   |  -3 -3 -3 -3 -3   |   0 
-3 -3 -3 -3 -3   |   0   |  -3 -3 -3 -3 -3   |   0 
-3 -3 -3 -3 -3   |   0   |  -3 -3 -3 -3 -3   |   0 
-3 -3 -3 -3 -3   |   0   |  -3 -3 -3 -3 -3   |   0 
-3 -3 -3 -3 -3   |   0   |  -3 -3 -3 -3 -3   |   0 
-3 -3 -3 -3 -3   |   0   |  -3 -3 -3 -3 -3   |   0 
-3 -3 -3 -3 -3   |   0   |  -3 -3 -3 -3 -3   |   0 
-3 -3 -3 -3 -3   |   0   |  -3 -3 -3 -3 -3   |   0 
-3 -3 -3 -3 -3   |   0   |  -3 -3 -3 -3 -3   |   0 
-3 -3 -3 -3 -3   |   0   |  -3 -3 -3 -3 -3   |   0 
-3 -3 -3 -3 -3   |   0   |  -3 -3 -3 -3 -3   |   0 
-3 -3 -3 -3 -3   |   0   |  -3 -3 -3 -3 -3   |   0 
-3 -3 -3 -3 -3   |   0   |  -3 -3 -3 -3 -3   |   0 
-3 -3 -3 -3 -3   |   0   |  -3 -3 -3 -3 -3   |   0 
-3 -3 -3 -3 -3   |   0   |  -3 -3 -3 -3 -3   |   0 
-3 -3 -3 -3 -3   |   0   |  -3 -3 -3 -3 -3   |   0 
-3 -3 -3 -3 -3   |   0   |  -3 -3 -3 -3 -3   |   0 
-3 -3 -3 -3 -3   |   0   |  -3 -3 -3 -3 -3   |   0 
-3 -3 -3 -3 -3   |   0   |  -3 -3 -3 -3 -3   |   0 
-3 -3 -3 -3 -3   |   0   |  -3 -3 -3 -3 -3   |   0 
-3 -3 -3 -3 -3   |   0   |  -3 -3 -3 -3 -3   |   0 
-3 -3 -3 -3 -3   |   0   |  -3 -3 -3 -3 -3   |   0 
-3 -3 -3 -3 -3   |   0   |  -3 -3 -3 -3 -3   |   0 
-3 -3 -3 -3 -3   |   0   |  -3 -3 -3 -3 -3   |   0 
-3 -3 -3 -3 -3   |   0   |  -3 -3 -3 -3 -3   |   0 
-3 -3 -3 -3 -3   |   0   |  -3 -3 -3 -3 -3   |   0 
-3 -3 -3 -3 -3   |   0   |  -3 -3 -3 -3 -3   |   0 
-3 -3 -3 -3 -3   |   0   |  -3 -3 -3 -3 -3   |   0 
-3 -3 -3 -3 -3   |   0   |  -3 -3 -3 -3 -3   |   0 
-3 -3 -3 -3 -3   |   0   |  -3 -3 -3 -3 -3   |   0 
-3 -3 -3 -3 -3   |   0   |  -3 -3 -3 -3 -3   |   0 
-3 -3 -3 -3 -3   |   0   |  -3 -3 -3 -3 -3   |   0 
-3 -3 -3 -3 -3   |   0   |  -3 -3 -3 -3 -3   |   0 
-3 -3 -3 -3 -3   |   0   |   3 -3 -3 -3 -3   |   1 
-3 -3 -3 -3 -3   |   0   |   3 -3 -3 -3 -3   |   1 
-3 -3 -3 -3 -3   |   0   |  -3  3 -3 -3 -3   |   0 
-3 -3 -3 -3 -3   |   0   |  -3  3 -3 -3 -3   |   0 
-3 -3 -3 -3 -3   |   0   |   3 -3  3 -3 -3   |   1 
 3 -3 -3 -3  3   |   1   |   3 -3  3 -3 -3   |   1 
 3 -3 -3 -3  3   |   1   |  -3  3 -3  3 -3   |   0 
 3  3 -3 -3  3   |   1   |  -3  3 -3  3 -3   |   0 
 3  3 -3 -3  3   |   1   |  -3 -3  3 -3  3   |   0 
 3  3  3 -3  3   |   1   |  -3 -3  3 -3  3   |   0 
 3  3  3 -3  3   |   1   |  -3 -3 -3  3 -3   |   0 
 3  3  3  3  3   |   1   |  -3 -3 -3  3 -3   |   0 
 3  3  3  3  3   |   1   |  -3 -3 -3 -3  3   |   0 
-3  3  3  3 -3   |   0   |  -3 -3 -3 -3  3   |   0 
-3  3  3  3 -3   |   0   |  -3 -3 -3 -3 -3   |   0 
-3 -3  3  3 -3   |   0   |  -3 -3 -3 -3 -3   |   0 
-3 -3  3  3 -3   |   0   |  -3 -3 -3 -3 -3   |   0 
-3 -3 -3  3 -3   |   0   |  -3 -3 -3 -3 -3   |   0 
-3 -3 -3  3 -3   |   0   |  -3 -3 -3 -3 -3   |   0 
-3 -3 -3 -3 -3   |   0   |  -3 -3 -3 -3 -3   |   0 
-3 -3 -3 -3 -3   |   0   |  -3 -3 -3 -3 -3   |   0 
-3 -3 -3 -3 -3   |   0   |  -3 -3 -3 -3 -3   |   0 
-3 -3 -3 -3 -3   |   0   |  -3 -3 -3 -3 -3   |   0 
-3 -3 -3 -3 -3   |   0   |  -3 -3 -3 -3 -3   |   0 
-3 -3 -3 -3 -3   |   0   |  -3 -3 -3 -3 -3   |   0 
-3 -3 -3 -3 -3   |   0   |  -3 -3 -3 -3 -3   |   0 
-3 -3 -3 -3 -3   |   0   |  -3 -3 -3 -3 -3   |   0 
-3 -3 -3 -3 -3   |   0   |  -3 -3 -3 -3 -3   |   0 
-3 -3 -3 -3 -3   |   0   |  -3 -3 -3 -3 -3   |   0 
-3 -3 -3 -3 -3   |   0   |  -3 -3 -3 -3 -3   |   0 
-3 -3 -3 -3 -3   |   0   |  -3 -3 -3 -3 -3   |   0 
-3 -3 -3 -3 -3   |   0   |  -3 -3 -3 -3 -3   |   0 
-3 -3 -3 -3 -3   |   0   |  -3 -3 -3 -3 -3   |   0 
-3 -3 -3 -3 -3   |   0   |  -3 -3 -3 -3 -3   |   0 
-3 -3 -3 -3 -3   |   0   |  -3 -3 -3 -3 -3   |   0 
-3 -3 -3 -3 -3   |   0   |  -3 -3 -3 -3 -3   |   0 
-3 -3 -3 -3 -3   |   0   |  -3 -3 -3 -3 -3   |   0 
-3 -3 -3 -3 -3   |   0   |  -3 -3 -3 -3 -3   |   0 
-3 -3 -3 -3 -3   |   0   |  -3 -3 -3 -3 -3   |   0 
-3 -3 -3 -3 -3   |   0   |  -3 -3 -3 -3 -3   |   0 
-3 -3 -3 -3 -3   |   0   |  -3 -3 -3 -3 -3   |   0 
-3 -3 -3 -3 -3   |   0   |  -3 -3 -3 -3 -3   |   0 
-3 -3 -3 -3 -3   |   0   |  -3 -3 -3 -3 -3   |   0 
-3 -3 -3 -3 -3   |   0   |  -3 -3 -3 -3 -3   |   0 
-3 -3 -3 -3 -3   |   0   |  -3 -3 -3 -3 -3   |   0 
-3 -3 -3 -3 -3   |   0   |  -3 -3 -3 -3 -3   |   0 
-3 -3 -3 -3 -3   |   0   |  -3 -3 -3 -3 -3   |   0 
-3 -3 -3 -3 -3   |   0   |  -3 -3 -3 -3 -3   |   0 
-3 -3 -3 -3 -3   |   0   |  -3 -3 -3 -3 -3   |   0 
-3 -3 -3 -3 -3   |   0   |  -3 -3 -3 -3 -3   |   0 
-3 -3 -3 -3 -3   |   0   |  -3 -3 -3 -3 -3   |   0 
-3 -3 -3 -3 -3   |   0   |  -3 -3 -3 -3 -3   |   0 
-3 -3 -3 -3 -3   |   0   |  -3 -3 -3 -3 -3   |   0 
-3 -3 -3 -3 -3   |   0   |  -3 -3 -3 -3 -3   |   0 
-3 -3 -3 -3 -3   |   0   |  -3 -3 -3 -3 -3   |   0 
-3 -3 -3 -3 -3   |   0   |  -3 -3 -3 -3 -3   |   0 
-3 -3 -3 -3 -3   |   0   |  -3 -3 -3 -3 -3   |   0 
-3 -3 -3 -3 -3   |   0   |  -3 -3 -3 -3 -3   |   0 
-3 -3 -3 -3 -3   |   0   |  -3 -3 -3 -3 -3   |   0 
-3 -3 -3 -3 -3   |   0   |  -3 -3 -3 -3 -3   |   0 
-3 -3 -3 -3 -3   |   0   |  -3 -3 -3 -3 -3   |   0 
-3 -3 -3 -3 -3   |   0   |  -3 -3 -3 -3 -3   |   0 
-3 -3 -3 -3 -3   |   0   |  -3 -3 -3 -3 -3   |   0 
-3 -3 -3 -3 -3   |   0   |  -3 -3 -3 -3 -3   |   0 
-3 -3 -3 -3 -3   |   0   |   3 -3 -3 -3 -3   |   1 
-3 -3 -3 -3 -3   |   0   |   3 -3 -3 -3 -3   |   1 
-3 -3 -3 -3 -3   |   0   |  -3  3 -3 -3 -3   |   0 
-3 -3 -3 -3 -3   |   0   |  -3  3 -3 -3 -3   |   0 
-3 -3 -3 -3 -3   |   0   |   3 -3  3 -3 -3   |   1 
 3 -3 -3 -3  3   |   1   |   3 -3  3 -3 -3   |   1 
 3 -3 -3 -3  3   |   1   |  -3  3 -3  3 -3   |   0 
 3  3 -3 -3  3   |   1   |  -3  3 -3  3 -3   |   0 
 3  3 -3 -3  3   |   1   |  -3 -3  3 -3  3   |   0 
 3  3  3 -3  3   |   1   |  -3 -3  3 -3  3   |   0 
 3  3  3 -3  3   |   1   |  -3 -3 -3  3 -3   |   0 
 3  3  3  3  3   |   1   |  -3 -3 -3  3 -3   |   0 
 3  3  3  3  3   |   1   |  -3 -3 -3 -3  3   |   0 
-3  3  3  3 -3   |   0   |  -3 -3 -3 -3  3   |   0 
-3  3  3  3 -3   |   0   |  -3 -3 -3 -3 -3   |   0 
-3 -3  3  3 -3   |   0   |  -3 -3 -3 -3 -3   |   0 
-3 -3  3  3 -3   |   0   |  -3 -3 -3 -3 -3   |   0 
-3 -3 -3  3 -3   |   0   |  -3 -3 -3 -3 -3   |   0 
-3 -3 -3  3 -3   |   0   |  -3 -3 -3 -3 -3   |   0 
-3 -3 -3 -3 -3   |   0   |  -3 -3 -3 -3 -3   |   0 
-3 -3 -3 -3 -3   |   0   |  -3 -3 -3 -3 -3   |   0 
-3 -3 -3 -3 -3   |   0   |  -3 -3 -3 -3 -3   |   0 
-3 -3 -3 -3 -3   |   0   |  -3 -3 -3 -3 -3   |   0 
-3 -3 -3 -3 -3   |   0   |  -3 -3 -3 -3 -3   |   0 
-3 -3 -3 -3 -3   |   0   |  -3 -3 -3 -3 -3   |   0 
-3 -3 -3 -3 -3   |   0   |  -3 -3 -3 -3 -3   |   0 
-3 -3 -3 -3 -3   |   0   |  -3 -3 -3 -3 -3   |   0 
-3 -3 -3 -3 -3   |   0   |  -3 -3 -3 -3 -3   |   0 
-3 -3 -3 -3 -3   |   0   |  -3 -3 -3 -3 -3   |   0 
-3 -3 -3 -3 -3   |   0   |  -3 -3 -3 -3 -3   |   0 
-3 -3 -3 -3 -3   |   0   |  -3 -3 -3 -3 -3   |   0 
-3 -3 -3 -3 -3   |   0   |  -3 -3 -3 -3 -3   |   0 
-3 -3 -3 -3 -3   |   0   |  -3 -3 -3 -3 -3   |   0 
-3 -3 -3 -3 -3   |   0   |  -3 -3 -3 -3 -3   |   0 
-3 -3 -3 -3 -3   |   0   |  -3 -3 -3 -3 -3   |   0 
-3 -3 -3 -3 -3   |   0   |  -3 -3 -3 -3 -3   |   0 
-3 -3 -3 -3 -3   |   0   |  -3 -3 -3 -3 -3   |   0 
-3 -3 -3 -3 -3   |   0   |  -3 -3 -3 -3 -3   |   0 
-3 -3 -3 -3 -3   |   0   |  -3 -3 -3 -3 -3   |   0 
-3 -3 -3 -3 -3   |   0   |  -3 -3 -3 -3 -3   |   0 
-3 -3 -3 -3 -3   |   0   |  -3 -3 -3 -3 -3   |   0 
-3 -3 -3 -3 -3   |   0   |  -3 -3 -3 -3 -3   |   0 
-3 -3 -3 -3 -3   |   0   |  -3 -3 -3 -3 -3   |   0 
-3 -3 -3 -3 -3   |   0   |  -3 -3 -3 -3 -3   |   0 
-3 -3 -3 -3 -3   |   0   |  -3 -3 -3 -3 -3   |   0 
-3 -3 -3 -3 -3   |   0   |  -3 -3 -3 -3 -3   |   0 
-3 -3 -3 -3 -3   |   0   |  -3 -3 -3 -3 -3   |   0 
-3 -3 -3 -3 -3   |   0   |  -3 -3 -3 -3 -3   |   0 
-3 -3 -3 -3 -3   |   0   |  -3 -3 -3 -3 -3   |   0 
-3 -3 -3 -3 -3   |   0   |  -3 -3 -3 -3 -3   |   0 
-3 -3 -3 -3 -3   |   0   |  -3 -3 -3 -3 -3   |   0 
-3 -3 -3 -3 -3   |   0   |  -3 -3 -3 -3 -3   |   0 
-3 -3 -3 -3 -3   |   0   |  -3 -3 -3 -3 -3   |   0 
-3 -3 -3 -3 -3   |   0   |  -3 -3 -3 -3 -3   |   0 
-3 -3 -3 -3 -3   |   0   |  -3 -3 -3 -3 -3   |   0 
-3 -3 -3 -3 -3   |   0   |  -3 -3 -3 -3 -3   |   0 
-3 -3 -3 -3 -3   |   0   |  -3 -3 -3 -3 -3   |   0 
-3 -3 -3 -3 -3   |   0   |  -3 -3 -3 -3 -3   |   0 
-3 -3 -3 -3 -3   |   0   |  -3 -3 -3 -3 -3   |   0 
-3 -3 -3 -3 -3   |   0   |  -3 -3 -3 -3 -3   |   0 
-3 -3 -3 -3 -3   |   0   |  -3 -3 -3 -3 -3   |   0 
-3 -3 -3 -3 -3   |   0   |  -3 -3 -3 -3 -3   |   0 
-3 -3 -3 -3 -3   |   0   |  -3 -3 -3 -3 -3   |   0 
-3 -3 -3 -3 -3   |   0   |  -3 -3 -3 -3 -3   |   0 
-3 -3 -3 -3 -3   |   0   |   3 -3 -3 -3 -3   |   1 
-3 -3 -3 -3 -3   |   0   |   3 -3 -3 -3 -3   |   1 
-3 -3 -3 -3 -3   |   0   |  -3  3 -3 -3 -3   |   0 
-3 -3 -3 -3 -3   |   0   |  -3  3 -3 -3 -3   |   0 
-3 -3 -3 -3 -3   |   0   |   3 -3  3 -3 -3   |   1 
 3 -3 -3 -3  3   |   1   |   3 -3  3 -3 -3   |   1 
 3 -3 -3 -3  3   |   1   |  -3  3 -3  3 -3   |   0 
 3  3 -3 -3  3   |   1   |  -3  3 -3  3 -3   |   0 
 3  3 -3 -3  3   |   1   |  -3 -3  3 -3  3   |   0 
 3  3  3 -3  3   |   1   |  -3 -3  3 -3  3   |   0 
 3  3  3 -3  3   |   1   |  -3 -3 -3  3 -3   |   0 
 3  3  3  3  3   |   1   |  -3 -3 -3  3 -3   |   0 
 3  3  3  3  3   |   1   |  -3 -3 -3 -3  3   |   0 
-3  3  3  3 -3   |   0   |  -3 -3 -3 -3  3   |   0 
-3  3  3  3 -3   |   0   |  -3 -3 -3 -3 -3   |   0 
-3 -3  3  3 -3   |   0   |  -3 -3 -3 -3 -3   |   0 
-3 -3  3  3 -3   |   0   |  -3 -3 -3 -3 -3   |   0 
-3 -3 -3  3 -3   |   0   |  -3 -3 -3 -3 -3   |   0 
-3 -3 -3  3 -3   |   0   |  -3 -3 -3 -3 -3   |   0 
-3 -3 -3 -3 -3   |   0   |  -3 -3 -3 -3 -3   |   0 
-3 -3 -3 -3 -3   |   0   |  -3 -3 -3 -3 -3   |   0 
-3 -3 -3 -3 -3   |   0   |  -3 -3 -3 -3 -3   |   0 
-3 -3 -3 -3 -3   |   0   |  -3 -3 -3 -3 -3   |   0 
-3 -3 -3 -3 -3   |   0   |  -3 -3 -3 -3 -3   |   0 
-3 -3 -3 -3 -3   |   0   |  -3 -3 -3 -3 -3   |   0 
-3 -3 -3 -3 -3   |   0   |  -3 -3 -3 -3 -3   |   0 
-3 -3 -3 -3 -3   |   0   |  -3 -3 -3 -3 -3   |   0 
-3 -3 -3 -3 -3   |   0   |  -3 -3 -3 -3 -3   |   0 
-3 -3 -3 -3 -3   |   0   |  -3 -3 -3 -3 -3   |   0 
-3 -3 -3 -3 -3   |   0   |  -3 -3 -3 -3 -3   |   0 
-3 -3 -3 -3 -3   |   0   |  -3 -3 -3 -3 -3   |   0 
-3 -3 -3 -3 -3   |   0   |  -3 -3 -3 -3 -3   |   0 
-3 -3 -3 -3 -3   |   0   |  -3 -3 -3 -3 -3   |   0 
-3 -3 -3 -3 -3   |   0   |  -3 -3 -3 -3 -3   |   0 
-3 -3 -3 -3 -3   |   0   |  -3 -3 -3 -3 -3   |   0 
-3 -3 -3 -3 -3   |   0   |  -3 -3 -3 -3 -3   |   0 
-3 -3 -3 -3 -3   |   0   |  -3 -3 -3 -3 -3   |   0 
-3 -3 -3 -3 -3   |   0   |  -3 -3 -3 -3 -3   |   0 
-3 -3 -3 -3 -3   |   0   |  -3 -3 -3 -3 -3   |   0 
-3 -3 -3 -3 -3   |   0   |  -3 -3 -3 -3 -3   |   0 
-3 -3 -3 -3 -3   |   0   |  -3 -3 -3 -3 -3   |   0 
-3 -3 -3 -3 -3   |   0   |  -3 -3 -3 -3 -3   |   0 
-3 -3 -3 -3 -3   |   0   |  -3 -3 -3 -3 -3   |   0 
-3 -3 -3 -3 -3   |   0   |  -3 -3 -3 -3 -3   |   0 
-3 -3 -3 -3 -3   |   0   |  -3 -3 -3 -3 -3   |   0 
-3 -3 -3 -3 -3   |   0   |  -3 -3 -3 -3 -3   |   0 
-3 -3 -3 -3 -3   |   0   |  -3 -3 -3 -3 -3   |   0 
-3 -3 -3 -3 -3   |   0   |  -3 -3 -3 -3 -3   |   0 
-3 -3 -3 -3 -3   |   0   |  -3 -3 -3 -3 -3   |   0 
-3 -3 -3 -3 -3   |   0   |  -3 -3 -3 -3 -3   |   0 
-3 -3 -3 -3 -3   |   0   |  -3 -3 -3 -3 -3   |   0 
-3 -3 -3 -3 -3   |   0   |  -3 -3 -3 -3 -3   |   0 
-3 -3 -3 -3 -3   |   0   |  -3 -3 -3 -3 -3   |   0 
-3 -3 -3 -3 -3   |   0   |  -3 -3 -3 -3 -3   |   0 
-3 -3 -3 -3 -3   |   0   |  -3 -3 -3 -3 -3   |   0 
-3 -3 -3 -3 -3   |   0   |  -3 -3 -3 -3 -3   |   0 
-3 -3 -3 -3 -3   |   0   |  -3 -3 -3 -3 -3   |   0 
-3 -3 -3 -3 -3   |   0   |  -3 -3 -3 -3 -3   |   0 
-3 -3 -3 -3 -3   |   0   |  -3 -3 -3 -3 -3   |   0 
-3 -3 -3 -3 -3   |   0   |  -3 -3 -3 -3 -3   |   0 
-3 -3 -3 -3 -3   |   0   |  -3 -3 -3 -3 -3   |   0 
-3 -3 -3 -3 -3   |   0   |  -3 -3 -3 -3 -3   |   0 
-3 -3 -3 -3 -3   |   0   |  -3 -3 -3 -3 -3   |   0 
-3 -3 -3 -3 -3   |   0   |  -3 -3 -3 -3 -3   |   0 
-3 -3 -3 -3 -3   |   0   |   3 -3 -3 -3 -3   |   1 
-3 -3 -3 -3 -3   |   0   |   3 -3 -3 -3 -3   |   1 
-3 -3 -3 -3 -3   |   0   |  -3  3 -3 -3 -3   |   0 
-3 -3 -3 -3 -3   |   0   |  -3  3 -3 -3 -3   |   0 
-3 -3 -3 -3 -3   |   0   |   3 -3  3 -3 -3   |   1 
 3 -3 -3 -3  3   |   1   |   3 -3  3 -3 -3   |   1 
 3 -3 -3 -3  3   |   1   |  -3  3 -3  3 -3   |   0 
 3  3 -3 -3  3   |   1   |  -3  3 -3  3 -3   |   0 
 3  3 -3 -3  3   |   1   |  -3 -3  3 -3  3   |   0 
 3  3  3 -3  3   |   1   |  -3 -3  3 -3  3   |   0 
 3  3  3 -3  3   |   1   |  -3 -3 -3  3 -3   |   0 
 3  3  3  3  3   |   1   |  -3 -3 -3  3 -3   |   0 
 3  3  3  3  3   |   1   |  -3 -3 -3 -3  3   |   0 
-3  3  3  3 -3   |   0   |  -3 -3 -3 -3  3   |   0 
-3  3  3  3 -3   |   0   |  -3 -3 -3 -3 -3   |   0 
-3 -3  3  3 -3   |   0   |  -3 -3 -3 -3 -3   |   0 
-3 -3  3  3 -3   |   0   |  -3 -3 -3 -3 -3   |   0 
-3 -3 -3  3 -3   |   0   |  -3 -3 -3 -3 -3   |   0 
-3 -3 -3  3 -3   |   0   |  -3 -3 -3 -3 -3   |   0 
-3 -3 -3 -3 -3   |   0   |  -3 -3 -3 -3 -3   |   0 
-3 -3 -3 -3 -3   |   0   |  -3 -3 -3 -3 -3   |   0 
-3 -3 -3 -3 -3   |   0   |  -3 -3 -3 -3 -3   |   0 
-3 -3 -3 -3 -3   |   0   |  -3 -3 -3 -3 -3   |   0 
-3 -3 -3 -3 -3   |   0   |  -3 -3 -3 -3 -3   |   0 
-3 -3 -3 -3 -3   |   0   |  -3 -3 -3 -3 -3   |   0 
-3 -3 -3 -3 -3   |   0   |  -3 -3 -3 -3 -3   |   0 
-3 -3 -3 -3 -3   |   0   |  -3 -3 -3 -3 -3   |   0 
-3 -3 -3 -3 -3   |   0   |  -3 -3 -3 -3 -3   |   0 
-3 -3 -3 -3 -3   |   0   |  -3 -3 -3 -3 -3   |   0 
-3 -3 -3 -3 -3   |   0   |  -3 -3 -3 -3 -3   |   0 
-3 -3 -3 -3 -3   |   0   |  -3 -3 -3 -3 -3   |   0 
-3 -3 -3 -3 -3   |   0   |  -3 -3 -3 -3 -3   |   0 
-3 -3 -3 -3 -3   |   0   |  -3 -3 -3 -3 -3   |   0 
-3 -3 -3 -3 -3   |   0   |  -3 -3 -3 -3 -3   |   0 
-3 -3 -3 -3 -3   |   0   |  -3 -3 -3 -3 -3   |   0 
-3 -3 -3 -3 -3   |   0   |  -3 -3 -3 -3 -3   |   0 
-3 -3 -3 -3 -3   |   0   |  -3 -3 -3 -3 -3   |   0 
-3 -3 -3 -3 -3   |   0   |  -3 -3 -3 -3 -3   |   0 
-3 -3 -3 -3 -3   |   0   |  -3 -3 -3 -3 -3   |   0 
-3 -3 -3 -3 -3   |   0   |  -3 -3 -3 -3 -3   |   0 
-3 -3 -3 -3 -3   |   0   |  -3 -3 -3 -3 -3   |   0 
-3 -3 -3 -3 -3   |   0   |  -3 -3 -3 -3 -3   |   0 
-3 -3 -3 -3 -3   |   0   |  -3 -3 -3 -3 -3   |   0 
-3 -3 -3 -3 -3   |   0   |  -3 -3 -3 -3 -3   |   0 
-3 -3 -3 -3 -3   |   0   |  -3 -3 -3 -3 -3   |   0 
-3 -3 -3 -3 -3   |   0   |  -3 -3 -3 -3 -3   |   0 
-3 -3 -3 -3 -3   |   0   |  -3 -3 -3 -3 -3   |   0 
-3 -3 -3 -3 -3   |   0   |  -3 -3 -3 -3 -3   |   0 
-3 -3 -3 -3 -3   |   0   |  -3 -3 -3 -3 -3   |   0 
-3 -3 -3 -3 -3   |   0   |  -3 -3 -3 -3 -3   |   0 
-3 -3 -3 -3 -3   |   0   |  -3 -3 -3 -3 -3   |   0 
-3 -3 -3 -3 -3   |   0   |  -3 -3 -3 -3 -3   |   0 
-3 -3 -3 -3 -3   |   0   |  -3 -3 -3 -3 -3   |   0 
-3 -3 -3 -3 -3   |   0   |  -3 -3 -3 -3 -3   |   0 
-3 -3 -3 -3 -3   |   0   |  -3 -3 -3 -3 -3   |   0 
-3 -3 -3 -3 -3   |   0   |  -3 -3 -3 -3 -3   |   0 
-3 -3 -3 -3 -3   |   0   |  -3 -3 -3 -3 -3   |   0 
-3 -3 -3 -3 -3   |   0   |  -3 -3 -3 -3 -3   |   0 
-3 -3 -3 -3 -3   |   0   |  -3 -3 -3 -3 -3   |   0 
-3 -3 -3 -3 -3   |   0   |  -3 -3 -3 -3 -3   |   0 
-3 -3 -3 -3 -3   |   0   |  -3 -3 -3 -3 -3   |   0 
-3 -3 -3 -3 -3   |   0   |  -3 -3 -3 -3 -3   |   0 
-3 -3 -3 -3 -3   |   0   |  -3 -3 -3 -3 -3   |   0 
-3 -3 -3 -3 -3   |   0   |  -3 -3 -3 -3 -3   |   0 
-3 -3 -3 -3 -3   |   0   |   3 -3 -3 -3 -3   |   1 
-3 -3 -3 -3 -3   |   0   |   3 -3 -3 -3 -3   |   1 
-3 -3 -3 -3 -3   |   0   |  -3  3 -3 -3 -3   |   0 
-3 -3 -3 -3 -3   |   0   |  -3  3 -3 -3 -3   |   0 
-3 -3 -3 -3 -3   |   0   |   3 -3  3 -3 -3   |   1 
 3 -3 -3 -3  3   |   1   |   3 -3  3 -3 -3   |   1 
 3 -3 -3 -3  3   |   1   |  -3  3 -3  3 -3   |   0 
 3  3 -3 -3  3   |   1   |  -3  3 -3  3 -3   |   0 
 3  3 -3 -3  3   |   1   |  -3 -3  3 -3  3   |   0 
 3  3  3 -3  3   |   1   |  -3 -3  3 -3  3   |   0 
 3  3  3 -3  3   |   1   |  -3 -3 -3  3 -3   |   0 
 3  3  3  3  3   |   1   |  -3 -3 -3  3 -3   |   0 
 3  3  3  3  3   |   1   |  -3 -3 -3 -3  3   |   0 
-3  3  3  3 -3   |   0   |  -3 -3 -3 -3  3   |   0 
-3  3  3  3 -3   |   0   |  -3 -3 -3 -3 -3   |   0 
-3 -3  3  3 -3   |   0   |  -3 -3 -3 -3 -3   |   0 
-3 -3  3  3 -3   |   0   |  -3 -3 -3 -3 -3   |   0 
-3 -3 -3  3 -3   |   0   |  -3 -3 -3 -3 -3   |   0 
-3 -3 -3  3 -3   |   0   |  -3 -3 -3 -3 -3   |   0 
-3 -3 -3 -3 -3   |   0   |  -3 -3 -3 -3 -3   |   0 
-3 -3 -3 -3 -3   |   0   |  -3 -3 -3 -3 -3   |   0 
-3 -3 -3 -3 -3   |   0   |  -3 -3 -3 -3 -3   |   0 
-3 -3 -3 -3 -3   |   0   |  -3 -3 -3 -3 -3   |   0 
-3 -3 -3 -3 -3   |   0   |  -3 -3 -3 -3 -3   |   0 
-3 -3 -3 -3 -3   |   0   |  -3 -3 -3 -3 -3   |   0 
-3 -3 -3 -3 -3   |   0   |  -3 -3 -3 -3 -3   |   0 
-3 -3 -3 -3 -3   |   0   |  -3 -3 -3 -3 -3   |   0 
-3 -3 -3 -3 -3   |   0   |  -3 -3 -3 -3 -3   |   0 
-3 -3 -3 -3 -3   |   0   |  -3 -3 -3 -3 -3   |   0 
-3 -3 -3 -3 -3   |   0   |  -3 -3 -3 -3 -3   |   0 
-3 -3 -3 -3 -3   |   0   |  -3 -3 -3 -3 -3   |   0 
-3 -3 -3 -3 -3   |   0   |  -3 -3 -3 -3 -3   |   0 
-3 -3 -3 -3 -3   |   0   |  -3 -3 -3 -3 -3   |   0 
-3 -3 -3 -3 -3   |   0   |  -3 -3 -3 -3 -3   |   0 
-3 -3 -3 -3 -3   |   0   |  -3 -3 -3 -3 -3   |   0 
-3 -3 -3 -3 -3   |   0   |  -3 -3 -3 -3 -3   |   0 
-3 -3 -3 -3 -3   |   0   |  -3 -3 -3 -3 -3   |   0 
-3 -3 -3 -3 -3   |   0   |  -3 -3 -3 -3 -3   |   0 
-3 -3 -3 -3 -3   |   0   |  -3 -3 -3 -3 -3   |   0 
-3 -3 -3 -3 -3   |   0   |  -3 -3 -3 -3 -3   |   0 
-3 -3 -3 -3 -3   |   0   |  -3 -3 -3 -3 -3   |   0 
-3 -3 -3 -3 -3   |   0   |  -3 -3 -3 -3 -3   |   0 
-3 -3 -3 -3 -3   |   0   |  -3 -3 -3 -3 -3   |   0 
-3 -3 -3 -3 -3   |   0   |  -3 -3 -3 -3 -3   |   0 
-3 -3 -3 -3 -3   |   0   |  -3 -3 -3 -3 -3   |   0 
-3 -3 -3 -3 -3   |   0   |  -3 -3 -3 -3 -3   |   0 
-3 -3 -3 -3 -3   |   0   |  -3 -3 -3 -3 -3   |   0 
-3 -3 -3 -3 -3   |   0   |  -3 -3 -3 -3 -3   |   0 
-3 -3 -3 -3 -3   |   0   |  -3 -3 -3 -3 -3   |   0 
-3 -3 -3 -3 -3   |   0   |  -3 -3 -3 -3 -3   |   0 
-3 -3 -3 -3 -3   |   0   |  -3 -3 -3 -3 -3   |   0 
-3 -3 -3 -3 -3   |   0   |  -3 -3 -3 -3 -3   |   0 
-3 -3 -3 -3 -3   |   0   |  -3 -3 -3 -3 -3   |   0 
-3 -3 -3 -3 -3   |   0   |  -3 -3 -3 -3 -3   |   0 
-3 -3 -3 -3 -3   |   0   |  -3 -3 -3 -3 -3   |   0 
-3 -3 -3 -3 -3   |   0   |  -3 -3 -3 -3 -3   |   0 
-3 -3 -3 -3 -3   |   0   |  -3 -3 -3 -3 -3   |   0 
-3 -3 -3 -3 -3   |   0   |  -3 -3 -3 -3 -3   |   0 
-3 -3 -3 -3 -3   |   0   |  -3 -3 -3 -3 -3   |   0 
-3 -3 -3 -3 -3   |   0   |  -3 -3 -3 -3 -3   |   0 
-3 -3 -3 -3 -3   |   0   |  -3 -3 -3 -3 -3   |   0 
-3 -3 -3 -3 -3   |   0   |  -3 -3 -3 -3 -3   |   0 
-3 -3 -3 -3 -3   |   0   |  -3 -3 -3 -3 -3   |   0 
-3 -3 -3 -3 -3   |   0   |  -3 -3 -3 -3 -3   |   0 
-3 -3 -3 -3 -3   |   0   |   3 -3 -3 -3 -3   |   1 
-3 -3 -3 -3 -3   |   0   |   3 -3 -3 -3 -3   |   1 
-3 -3 -3 -3 -3   |   0   |  -3  3 -3 -3 -3   |   0 
-3 -3 -3 -3 -3   |   0   |  -3  3 -3 -3 -3   |   0 
-3 -3 -3 -3 -3   |   0   |   3 -3  3 -3 -3   |   1 
 3 -3 -3 -3  3   |   1   |   3 -3  3 -3 -3   |   1 
 3 -3 -3 -3  3   |   1   |  -3  3 -3  3 -3   |   0 
 3  3 -3 -3  3   |   1   |  -3  3 -3  3 -3   |   0 
 3  3 -3 -3  3   |   1   |  -3 -3  3 -3  3   |   0 
 3  3  3 -3  3   |   1   |  -3 -3  3 -3  3   |   0 
 3  3  3 -3  3   |   1   |  -3 -3 -3  3 -3   |   0 
 3  3  3  3  3   |   1   |  -3 -3 -3  3 -3   |   0 
 3  3  3  3  3   |   1   |  -3 -3 -3 -3  3   |   0 
-3  3  3  3 -3   |   0   |  -3 -3 -3 -3  3   |   0 
-3  3  3  3 -3   |   0   |  -3 -3 -3 -3 -3   |   0 
-3 -3  3  3 -3   |   0   |  -3 -3 -3 -3 -3   |   0 
-3 -3  3  3 -3   |   0   |  -3 -3 -3 -3 -3   |   0 
-3 -3 -3  3 -3   |   0   |  -3 -3 -3 -3 -3   |   0 
-3 -3 -3  3 -3   |   0   |  -3 -3 -3 -3 -3   |   0 
-3 -3 -3 -3 -3   |   0   |  -3 -3 -3 -3 -3   |   0 
-3 -3 -3 -3 -3   |   0   |  -3 -3 -3 -3 -3   |   0 
-3 -3 -3 -3 -3   |   0   |  -3 -3 -3 -3 -3   |   0 
-3 -3 -3 -3 -3   |   0   |  -3 -3 -3 -3 -3   |   0 
-3 -3 -3 -3 -3   |   0   |  -3 -3 -3 -3 -3   |   0 
-3 -3 -3 -3 -3   |   0   |  -3 -3 -3 -3 -3   |   0 
-3 -3 -3 -3 -3   |   0   |  -3 -3 -3 -3 -3   |   0 
-3 -3 -3 -3 -3   |   0   |  -3 -3 -3 -3 -3   |   0 
-3 -3 -3 -3 -3   |   0   |  -3 -3 -3 -3 -3   |   0 
-3 -3 -3 -3 -3   |   0   |  -3 -3 -3 -3 -3   |   0 
-3 -3 -3 -3 -3   |   0   |  -3 -3 -3 -3 -3   |   0 
-3 -3 -3 -3 -3   |   0   |  -3 -3 -3 -3 -3   |   0 
-3 -3 -3 -3 -3   |   0   |  -3 -3 -3 -3 -3   |   0 
-3 -3 -3 -3 -3   |   0   |  -3 -3 -3 -3 -3   |   0 
-3 -3 -3 -3 -3   |   0   |  -3 -3 -3 -3 -3   |   0 
-3 -3 -3 -3 -3   |   0   |  -3 -3 -3 -3 -3   |   0 
-3 -3 -3 -3 -3   |   0   |  -3 -3 -3 -3 -3   |   0 
-3 -3 -3 -3 -3   |   0   |  -3 -3 -3 -3 -3   |   0 
-3 -3 -3 -3 -3   |   0   |  -3 -3 -3 -3 -3   |   0 
-3 -3 -3 -3 -3   |   0   |  -3 -3 -3 -3 -3   |   0 
-3 -3 -3 -3 -3   |   0   |  -3 -3 -3 -3 -3   |   0 
-3 -3 -3 -3 -3   |   0   |  -3 -3 -3 -3 -3   |   0 
-3 -3 -3 -3 -3   |   0   |  -3 -3 -3 -3 -3   |   0 
-3 -3 -3 -3 -3   |   0   |  -3 -3 -3 -3 -3   |   0 
-3 -3 -3 -3 -3   |   0   |  -3 -3 -3 -3 -3   |   0 
-3 -3 -3 -3 -3   |   0   |  -3 -3 -3 -3 -3   |   0 
-3 -3 -3 -3 -3   |   0   |  -3 -3 -3 -3 -3   |   0 
-3 -3 -3 -3 -3   |   0   |  -3 -3 -3 -3 -3   |   0 
-3 -3 -3 -3 -3   |   0   |  -3 -3 -3 -3 -3   |   0 
-3 -3 -3 -3 -3   |   0   |  -3 -3 -3 -3 -3   |   0 
-3 -3 -3 -3 -3   |   0   |  -3 -3 -3 -3 -3   |   0 
-3 -3 -3 -3 -3   |   0   |  -3 -3 -3 -3 -3   |   0 
-3 -3 -3 -3 -3   |   0   |  -3 -3 -3 -3 -3   |   0 
-3 -3 -3 -3 -3   |   0   |  -3 -3 -3 -3 -3   |   0 
-3 -3 -3 -3 -3   |   0   |  -3 -3 -3 -3 -3   |   0 
-3 -3 -3 -3 -3   |   0   |  -3 -3 -3 -3 -3   |   0 
-3 -3 -3 -3 -3   |   0   |  -3 -3 -3 -3 -3   |   0 
-3 -3 -3 -3 -3   |   0   |  -3 -3 -3 -3 -3   |   0 
-3 -3 -3 -3 -3   |   0   |  -3 -3 -3 -3 -3   |   0 
-3 -3 -3 -3 -3   |   0   |  -3 -3 -3 -3 -3   |   0 
-3 -3 -3 -3 -3   |   0   |  -3 -3 -3 -3 -3   |   0 
-3 -3 -3 -3 -3   |   0   |  -3 -3 -3 -3 -3   |   0 
-3 -3 -3 -3 -3   |   0   |  -3 -3 -3 -3 -3   |   0 
-3 -3 -3 -3 -3   |   0   |  -3 -3 -3 -3 -3   |   0 
-3 -3 -3 -3 -3   |   0   |  -3 -3 -3 -3 -3   |   0 
-3 -3 -3 -3 -3   |   0   |   3 -3 -3 -3 -3   |   1 
-3 -3 -3 -3 -3   |   0   |   3 -3 -3 -3 -3   |   1 
-3 -3 -3 -3 -3   |   0   |  -3  3 -3 -3 -3   |   0 
-3 -3 -3 -3 -3   |   0   |  -3  3 -3 -3 -3   |   0 
-3 -3 -3 -3 -3   |   0   |   3 -3  3 -3 -3   |   1 
 3 -3 -3 -3  3   |   1   |   3 -3  3 -3 -3   |   1 
 3 -3 -3 -3  3   |   1   |  -3  3 -3  3 -3   |   0 
 3  3 -3 -3  3   |   1   |  -3  3 -3  3 -3   |   0 
 3  3 -3 -3  3   |   1   |  -3 -3  3 -3  3   |   0 
 3  3  3 -3  3   |   1   |  -3 -3  3 -3  3   |   0 
 3  3  3 -3  3   |   1   |  -3 -3 -3  3 -3   |   0 
 3  3  3  3  3   |   1   |  -3 -3 -3  3 -3   |   0 
 3  3  3  3  3   |   1   |  -3 -3 -3 -3  3   |   0 
-3  3  3  3 -3   |   0   |  -3 -3 -3 -3  3   |   0 
-3  3  3  3 -3   |   0   |  -3 -3 -3 -3 -3   |   0 
-3 -3  3  3 -3   |   0   |  -3 -3 -3 -3 -3   |   0 
-3 -3  3  3 -3   |   0   |  -3 -3 -3 -3 -3   |   0 
-3 -3 -3  3 -3   |   0   |  -3 -3 -3 -3 -3   |   0 
-3 -3 -3  3 -3   |   0   |  -3 -3 -3 -3 -3   |   0 
-3 -3 -3 -3 -3   |   0   |  -3 -3 -3 -3 -3   |   0 
-3 -3 -3 -3 -3   |   0   |  -3 -3 -3 -3 -3   |   0 
-3 -3 -3 -3 -3   |   0   |  -3 -3 -3 -3 -3   |   0 
-3 -3 -3 -3 -3   |   0   |  -3 -3 -3 -3 -3   |   0 
-3 -3 -3 -3 -3   |   0   |  -3 -3 -3 -3 -3   |   0 
-3 -3 -3 -3 -3   |   0   |  -3 -3 -3 -3 -3   |   0 
-3 -3 -3 -3 -3   |   0   |  -3 -3 -3 -3 -3   |   0 
-3 -3 -3 -3 -3   |   0   |  -3 -3 -3 -3 -3   |   0 
-3 -3 -3 -3 -3   |   0   |  -3 -3 -3 -3 -3   |   0 
-3 -3 -3 -3 -3   |   0   |  -3 -3 -3 -3 -3   |   0 
-3 -3 -3 -3 -3   |   0   |  -3 -3 -3 -3 -3   |   0 
-3 -3 -3 -3 -3   |   0   |  -3 -3 -3 -3 -3   |   0 
-3 -3 -3 -3 -3   |   0   |  -3 -3 -3 -3 -3   |   0 
-3 -3 -3 -3 -3   |   0   |  -3 -3 -3 -3 -3   |   0 
-3 -3 -3 -3 -3   |   0   |  -3 -3 -3 -3 -3   |   0 
-3 -3 -3 -3 -3   |   0   |  -3 -3 -3 -3 -3   |   0 
-3 -3 -3 -3 -3   |   0   |  -3 -3 -3 -3 -3   |   0 
-3 -3 -3 -3 -3   |   0   |  -3 -3 -3 -3 -3   |   0 
-3 -3 -3 -3 -3   |   0   |  -3 -3 -3 -3 -3   |   0 
-3 -3 -3 -3 -3   |   0   |  -3 -3 -3 -3 -3   |   0 
-3 -3 -3 -3 -3   |   0   |  -3 -3 -3 -3 -3   |   0 
-3 -3 -3 -3 -3   |   0   |  -3 -3 -3 -3 -3   |   0 
-3 -3 -3 -3 -3   |   0   |  -3 -3 -3 -3 -3   |   0 
-3 -3 -3 -3 -3   |   0   |  -3 -3 -3 -3 -3   |   0 
-3 -3 -3 -3 -3   |   0   |  -3 -3 -3 -3 -3   |   0 
-3 -3 -3 -3 -3   |   0   |  -3 -3 -3 -3 -3   |   0 
-3 -3 -3 -3 -3   |   0   |  -3 -3 -3 -3 -3   |   0 
-3 -3 -3 -3 -3   |   0   |  -3 -3 -3 -3 -3   |   0 
-3 -3 -3 -3 -3   |   0   |  -3 -3 -3 -3 -3   |   0 
-3 -3 -3 -3 -3   |   0   |  -3 -3 -3 -3 -3   |   0 
-3 -3 -3 -3 -3   |   0   |  -3 -3 -3 -3 -3   |   0 
-3 -3 -3 -3 -3   |   0   |  -3 -3 -3 -3 -3   |   0 
-3 -3 -3 -3 -3   |   0   |  -3 -3 -3 -3 -3   |   0 
-3 -3 -3 -3 -3   |   0   |  -3 -3 -3 -3 -3   |   0 
-3 -3 -3 -3 -3   |   0   |  -3 -3 -3 -3 -3   |   0 
-3 -3 -3 -3 -3   |   0   |  -3 -3 -3 -3 -3   |   0 
-3 -3 -3 -3 -3   |   0   |  -3 -3 -3 -3 -3   |   0 
-3 -3 -3 -3 -3   |   0   |  -3 -3 -3 -3 -3   |   0 
-3 -3 -3 -3 -3   |   0   |  -3 -3 -3 -3 -3   |   0 
-3 -3 -3 -3 -3   |   0   |  -3 -3 -3 -3 -3   |   0 
-3 -3 -3 -3 -3   |   0   |  -3 -3 -3 -3 -3   |   0 
-3 -3 -3 -3 -3   |   0   |  -3 -3 -3 -3 -3   |   0 
-3 -3 -3 -3 -3   |   0   |  -3 -3 -3 -3 -3   |   0 
-3 -3 -3 -3 -3   |   0   |  -3 -3 -3 -3 -3   |   0 
-3 -3 -3 -3 -3   |   0   |  -3 -3 -3 -3 -3   |   0 
-3 -3 -3 -3 -3   |   0   |   3 -3 -3 -3 -3   |   1 
-3 -3 -3 -3 -3   |   0   |   3 -3 -3 -3 -3   |   1 
-3 -3 -3 -3 -3   |   0   |  -3  3 -3 -3 -3   |   0 
-3 -3 -3 -3 -3   |   0   |  -3  3 -3 -3 -3   |   0 
-3 -3 -3 -3 -3   |   0   |   3 -3  3 -3 -3   |   1 
 3 -3 -3 -3  3   |   1   |   3 -3  3 -3 -3   |   1 
 3 -3 -3 -3  3   |   1   |  -3  3 -3  3 -3   |   0 
 3  3 -3 -3  3   |   1   |  -3  3 -3  3 -3   |   0 
 3  3 -3 -3  3   |   1   |  -3 -3  3 -3  3   |   0 
 3  3  3 -3  3   |   1   |  -3 -3  3 -3  3   |   0 
 3  3  3 -3  3   |   1   |  -3 -3 -3  3 -3   |   0 
 3  3  3  3  3   |   1   |  -3 -3 -3  3 -3   |   0 
 3  3  3  3  3   |   1   |  -3 -3 -3 -3  3   |   0 
-3  3  3  3 -3   |   0   |  -3 -3 -3 -3  3   |   0 
-3  3  3  3 -3   |   0   |  -3 -3 -3 -3 -3   |   0 
-3 -3  3  3 -3   |   0   |  -3 -3 -3 -3 -3   |   0 
-3 -3  3  3 -3   |   0   |  -3 -3 -3 -3 -3   |   0 
-3 -3 -3  3 -3   |   0   |  -3 -3 -3 -3 -3   |   0 
-3 -3 -3  3 -3   |   0   |  -3 -3 -3 -3 -3   |   0 
-3 -3 -3 -3 -3   |   0   |  -3 -3 -3 -3 -3   |   0 
-3 -3 -3 -3 -3   |   0   |  -3 -3 -3 -3 -3   |   0 
-3 -3 -3 -3 -3   |   0   |  -3 -3 -3 -3 -3   |   0 
-3 -3 -3 -3 -3   |   0   |  -3 -3 -3 -3 -3   |   0 
-3 -3 -3 -3 -3   |   0   |  -3 -3 -3 -3 -3   |   0 
-3 -3 -3 -3 -3   |   0   |  -3 -3 -3 -3 -3   |   0 
-3 -3 -3 -3 -3   |   0   |  -3 -3 -3 -3 -3   |   0 
-3 -3 -3 -3 -3   |   0   |  -3 -3 -3 -3 -3   |   0 
-3 -3 -3 -3 -3   |   0   |  -3 -3 -3 -3 -3   |   0 
-3 -3 -3 -3 -3   |   0   |  -3 -3 -3 -3 -3   |   0 
-3 -3 -3 -3 -3   |   0   |  -3 -3 -3 -3 -3   |   0 
-3 -3 -3 -3 -3   |   0   |  -3 -3 -3 -3 -3   |   0 
-3 -3 -3 -3 -3   |   0   |  -3 -3 -3 -3 -3   |   0 
-3 -3 -3 -3 -3   |   0   |  -3 -3 -3 -3 -3   |   0 
-3 -3 -3 -3 -3   |   0   |  -3 -3 -3 -3 -3   |   0 
-3 -3 -3 -3 -3   |   0   |  -3 -3 -3 -3 -3   |   0 
-3 -3 -3 -3 -3   |   0   |  -3 -3 -3 -3 -3   |   0 
-3 -3 -3 -3 -3   |   0   |  -3 -3 -3 -3 -3   |   0 
-3 -3 -3 -3 -3   |   0   |  -3 -3 -3 -3 -3   |   0 
-3 -3 -3 -3 -3   |   0   |  -3 -3 -3 -3 -3   |   0 
-3 -3 -3 -3 -3   |   0   |  -3 -3 -3 -3 -3   |   0 
-3 -3 -3 -3 -3   |   0   |  -3 -3 -3 -3 -3   |   0 
-3 -3 -3 -3 -3   |   0   |  -3 -3 -3 -3 -3   |   0 
-3 -3 -3 -3 -3   |   0   |  -3 -3 -3 -3 -3   |   0 
-3 -3 -3 -3 -3   |   0   |  -3 -3 -3 -3 -3   |   0 
-3 -3 -3 -3 -3   |   0   |  -3 -3 -3 -3 -3   |   0 
-3 -3 -3 -3 -3   |   0   |  -3 -3 -3 -3 -3   |   0 
-3 -3 -3 -3 -3   |   0   |  -3 -3 -3 -3 -3   |   0 
-3 -3 -3 -3 -3   |   0   |  -3 -3 -3 -3 -3   |   0 
-3 -3 -3 -3 -3   |   0   |  -3 -3 -3 -3 -3   |   0 
-3 -3 -3 -3 -3   |   0   |  -3 -3 -3 -3 -3   |   0 
-3 -3 -3 -3 -3   |   0   |  -3 -3 -3 -3 -3   |   0 
-3 -3 -3 -3 -3   |   0   |  -3 -3 -3 -3 -3   |   0 
-3 -3 -3 -3 -3   |   0   |  -3 -3 -3 -3 -3   |   0 
-3 -3 -3 -3 -3   |   0   |  -3 -3 -3 -3 -3   |   0 
-3 -3 -3 -3 -3   |   0   |  -3 -3 -3 -3 -3   |   0 
-3 -3 -3 -3 -3   |   0   |  -3 -3 -3 -3 -3   |   0 
-3 -3 -3 -3 -3   |   0   |  -3 -3 -3 -3 -3   |   0 
-3 -3 -3 -3 -3   |   0   |  -3 -3 -3 -3 -3   |   0 
-3 -3 -3 -3 -3   |   0   |  -3 -3 -3 -3 -3   |   0 
-3 -3 -3 -3 -3   |   0   |  -3 -3 -3 -3 -3   |   0 
-3 -3 -3 -3 -3   |   0   |  -3 -3 -3 -3 -3   |   0 
-3 -3 -3 -3 -3   |   0   |  -3 -3 -3 -3 -3   |   0 
-3 -3 -3 -3 -3   |   0   |  -3 -3 -3 -3 -3   |   0 
-3 -3 -3 -3 -3   |   0   |  -3 -3 -3 -3 -3   |   0 
-3 -3 -3 -3 -3   |   0   |   3 -3 -3 -3 -3   |   1 
-3 -3 -3 -3 -3   |   0   |   3 -3 -3 -3 -3   |   1 
-3 -3 -3 -3 -3   |   0   |  -3  3 -3 -3 -3   |   0 
-3 -3 -3 -3 -3   |   0   |  -3  3 -3 -3 -3   |   0 
-3 -3 -3 -3 -3   |   0   |   3 -3  3 -3 -3   |   1 
 3 -3 -3 -3  3   |   1   |   3 -3  3 -3 -3   |   1 
 3 -3 -3 -3  3   |   1   |  -3  3 -3  3 -3   |   0 
 3  3 -3 -3  3   |   1   |  -3  3 -3  3 -3   |   0 
 3  3 -3 -3  3   |   1   |  -3 -3  3 -3  3   |   0 
 3  3  3 -3  3   |   1   |  -3 -3  3 -3  3   |   0 
 3  3  3 -3  3   |   1   |  -3 -3 -3  3 -3   |   0 
 3  3  3  3  3   |   1   |  -3 -3 -3  3 -3   |   0 
 3  3  3  3  3   |   1   |  -3 -3 -3 -3  3   |   0 
-3  3  3  3 -3   |   0   |  -3 -3 -3 -3  3   |   0 
-3  3  3  3 -3   |   0   |  -3 -3 -3 -3 -3   |   0 
-3 -3  3  3 -3   |   0   |  -3 -3 -3 -3 -3   |   0 
-3 -3  3  3 -3   |   0   |  -3 -3 -3 -3 -3   |   0 
-3 -3 -3  3 -3   |   0   |  -3 -3 -3 -3 -3   |   0 
-3 -3 -3  3 -3   |   0   |  -3 -3 -3 -3 -3   |   0 
-3 -3 -3 -3 -3   |   0   |  -3 -3 -3 -3 -3   |   0 
-3 -3 -3 -3 -3   |   0   |  -3 -3 -3 -3 -3   |   0 
-3 -3 -3 -3 -3   |   0   |  -3 -3 -3 -3 -3   |   0 
-3 -3 -3 -3 -3   |   0   |  -3 -3 -3 -3 -3   |   0 
-3 -3 -3 -3 -3   |   0   |  -3 -3 -3 -3 -3   |   0 
-3 -3 -3 -3 -3   |   0   |  -3 -3 -3 -3 -3   |   0 
-3 -3 -3 -3 -3   |   0   |  -3 -3 -3 -3 -3   |   0 
-3 -3 -3 -3 -3   |   0   |  -3 -3 -3 -3 -3   |   0 
-3 -3 -3 -3 -3   |   0   |  -3 -3 -3 -3 -3   |   0 
-3 -3 -3 -3 -3   |   0   |  -3 -3 -3 -3 -3   |   0 
-3 -3 -3 -3 -3   |   0   |  -3 -3 -3 -3 -3   |   0 
-3 -3 -3 -3 -3   |   0   |  -3 -3 -3 -3 -3   |   0 
-3 -3 -3 -3 -3   |   0   |  -3 -3 -3 -3 -3   |   0 
-3 -3 -3 -3 -3   |   0   |  -3 -3 -3 -3 -3   |   0 
-3 -3 -3 -3 -3   |   0   |  -3 -3 -3 -3 -3   |   0 
-3 -3 -3 -3 -3   |   0   |  -3 -3 -3 -3 -3   |   0 
-3 -3 -3 -3 -3   |   0   |  -3 -3 -3 -3 -3   |   0 
-3 -3 -3 -3 -3   |   0   |  -3 -3 -3 -3 -3   |   0 
-3 -3 -3 -3 -3   |   0   |  -3 -3 -3 -3 -3   |   0 
-3 -3 -3 -3 -3   |   0   |  -3 -3 -3 -3 -3   |   0 
-3 -3 -3 -3 -3   |   0   |  -3 -3 -3 -3 -3   |   0 
-3 -3 -3 -3 -3   |   0   |  -3 -3 -3 -3 -3   |   0 
-3 -3 -3 -3 -3   |   0   |  -3 -3 -3 -3 -3   |   0 
-3 -3 -3 -3 -3   |   0   |  -3 -3 -3 -3 -3   |   0 
-3 -3 -3 -3 -3   |   0   |  -3 -3 -3 -3 -3   |   0 
-3 -3 -3 -3 -3   |   0   |  -3 -3 -3 -3 -3   |   0 
-3 -3 -3 -3 -3   |   0   |  -3 -3 -3 -3 -3   |   0 
-3 -3 -3 -3 -3   |   0   |  -3 -3 -3 -3 -3   |   0 
-3 -3 -3 -3 -3   |   0   |  -3 -3 -3 -3 -3   |   0 
-3 -3 -3 -3 -3   |   0   |  -3 -3 -3 -3 -3   |   0 
-3 -3 -3 -3 -3   |   0   |  -3 -3 -3 -3 -3   |   0 
-3 -3 -3 -3 -3   |   0   |  -3 -3 -3 -3 -3   |   0 
-3 -3 -3 -3 -3   |   0   |  -3 -3 -3 -3 -3   |   0 
-3 -3 -3 -3 -3   |   0   |  -3 -3 -3 -3 -3   |   0 
-3 -3 -3 -3 -3   |   0   |  -3 -3 -3 -3 -3   |   0 
-3 -3 -3 -3 -3   |   0   |  -3 -3 -3 -3 -3   |   0 
-3 -3 -3 -3 -3   |   0   |  -3 -3 -3 -3 -3   |   0 
-3 -3 -3 -3 -3   |   0   |  -3 -3 -3 -3 -3   |   0 
-3 -3 -3 -3 -3   |   0   |  -3 -3 -3 -3 -3   |   0 
-3 -3 -3 -3 -3   |   0   |  -3 -3 -3 -3 -3   |   0 
-3 -3 -3 -3 -3   |   0   |  -3 -3 -3 -3 -3   |   0 
-3 -3 -3 -3 -3   |   0   |  -3 -3 -3 -3 -3   |   0 
-3 -3 -3 -3 -3   |   0   |  -3 -3 -3 -3 -3   |   0 
-3 -3 -3 -3 -3   |   0   |  -3 -3 -3 -3 -3   |   0 
-3 -3 -3 -3 -3   |   0   |  -3 -3 -3 -3 -3   |   0 
-3 -3 -3 -3 -3   |   0   |   3 -3 -3 -3 -3   |   1 
-3 -3 -3 -3 -3   |   0   |   3 -3 -3 -3 -3   |   1 
-3 -3 -3 -3 -3   |   0   |  -3  3 -3 -3 -3   |   0 
-3 -3 -3 -3 -3   |   0   |  -3  3 -3 -3 -3   |   0 
-3 -3 -3 -3 -3   |   0   |   3 -3  3 -3 -3   |   1 
 3 -3 -3 -3  3   |   1   |   3 -3  3 -3 -3   |   1 
 3 -3 -3 -3  3   |   1   |  -3  3 -3  3 -3   |   0 
 3  3 -3 -3  3   |   1   |  -3  3 -3  3 -3   |   0 
 3  3 -3 -3  3   |   1   |  -3 -3  3 -3  3   |   0 
