----------------
prog start
hv ver: 3.13
accu test 
	 code_len = 1023, chip_div = 2, spacing_len = 1, pcode[0] = 0x23C495A7 
	 code_ctrl = 0x040003FE
  |     0   |   1   |   0  0  0  0  0   |      7    -1     7    -1     7    -1     7    -1     7    -1   |   1   ||     0  |   0  0  0  0  0   |      7     7     7     7     7 
  |     0   |   1   |   0  0  0  0  0   |     12     4    12     4    12     4    12     4    12     4   |   1   ||     0  |   0  0  0  0  0   |     12    12    12    12    12 
  |     0   |   1   |   0  0  0  0  0   |     17     9    17     9    17     9    17     9    17     9   |   1   ||     0  |   1  0  0  0  0   |      7    17    17    17    17 
  |     0   |   1   |   0  0  0  0  0   |     22    14    22    14    22    14    22    14    22    14   |   1   ||     0  |   1  0  0  0  0   |      2    22    22    22    22 
  |     1   |   1   |   1  0  0  0  0   |     27    19    27    19    27    19    27    19    27    19   |   1   ||     1  |   1  1  0  0  0   |     -3    17    27    27    27 
  |     1   |   1   |   1  0  0  0  0   |     22    14    32    24    32    24    32    24    32    24   |   0   ||     1  |   1  1  0  0  0   |     -8    12    32    32    32 
  |     2   |   1   |   1  1  0  0  0   |     17     9    37    29    37    29    37    29    37    29   |   0   ||     1  |   1  1  1  0  0   |    -13     7    27    37    37 
  |     2   |   1   |   1  1  0  0  0   |     12     4    32    24    42    34    42    34    42    34   |   0   ||     1  |   1  1  1  0  0   |    -18     2    22    42    42 
  |     3   |   0   |   1  1  1  0  0   |     17     9    37    29    37    29    37    29    37    29   |   0   ||     2  |   1  1  1  1  0   |    -13     7    27    47    37 
  |     3   |   0   |   1  1  1  0  0   |     22    14    42    34    42    34    32    24    32    24   |   0   ||     2  |   1  1  1  1  0   |     -8    12    32    52    32 
  |     4   |   0   |   0  1  1  1  0   |     27    19    47    39    47    39    27    19    27    19   |   0   ||     2  |   1  1  1  1  1   |     -3    17    37    57    37 
  |     4   |   0   |   0  1  1  1  0   |     22    14    52    44    52    44    32    24    22    14   |   0   ||     2  |   1  1  1  1  1   |      2    22    42    62    42 
  |     5   |   1   |   0  0  1  1  1   |     17     9    57    49    57    49    37    29    17     9   |   1   ||     3  |   0  1  1  1  1   |     -3    27    47    67    47 
  |     5   |   1   |   0  0  1  1  1   |     12     4    52    44    62    54    42    34    22    14   |   0   ||     3  |   0  1  1  1  1   |     -8    32    52    72    52 
  |     6   |   0   |   1  0  0  1  1   |      7    -1    47    39    67    59    47    39    27    19   |   0   ||     3  |   0  1  1  1  1   |    -13    37    57    77    57 
  |     6   |   0   |   1  0  0  1  1   |     12     4    42    34    62    54    52    44    32    24   |   0   ||     3  |   0  0  1  1  1   |    -18    32    62    82    62 
  |     6   |   0   |   1  0  0  1  1   |     17     9    37    29    57    49    57    49    37    29   |   0   ||     3  |   0  0  1  1  1   |    -23    27    67    87    67 
  |     7   |   1   |   0  1  0  0  1   |     12     4    42    34    62    54    52    44    32    24   |   0   ||     4  |   0  0  0  1  1   |    -18    32    72    82    62 
  |     7   |   1   |   0  1  0  0  1   |     17     9    37    29    67    59    57    49    27    19   |   0   ||     4  |   0  0  0  1  1   |    -13    37    77    77    57 
  |     8   |   1   |   1  0  1  0  0   |     22    14    32    24    72    64    62    54    22    14   |   0   ||     4  |   0  0  0  0  1   |     -8    42    82    82    52 
  |     8   |   1   |   1  0  1  0  0   |     17     9    37    29    67    59    67    59    27    19   |   0   ||     4  |   0  0  0  0  1   |     -3    47    87    87    47 
  |     9   |   0   |   1  1  0  1  0   |     22    14    32    24    72    64    62    54    22    14   |   0   ||     5  |   1  0  0  0  0   |      2    42    82    82    42 
  |     9   |   0   |   1  1  0  1  0   |     27    19    37    29    67    59    67    59    17     9   |   1   ||     5  |   1  0  0  0  0   |      7    37    77    77    37 
  |    10   |   1   |   0  1  1  0  1   |     32    24    42    34    62    54    72    64    12     4   |   1   ||     5  |   1  1  0  0  0   |     12    42    72    72    32 
  |    10   |   1   |   0  1  1  0  1   |     27    19    47    39    67    59    67    59    17     9   |   1   ||     5  |   1  1  0  0  0   |     17    47    67    67    27 
  |    11   |   0   |   1  0  1  1  0   |     22    14    52    44    72    64    62    54    22    14   |   1   ||     6  |   0  1  1  0  0   |     12    52    72    62    22 
  |    11   |   0   |   1  0  1  1  0   |     17     9    57    49    67    59    57    49    27    19   |   1   ||     6  |   0  1  1  0  0   |     17    47    67    67    27 
  |    12   |   1   |   0  1  0  1  1   |     12     4    62    54    62    54    52    44    32    24   |   1   ||     6  |   0  0  1  1  0   |     22    52    62    62    32 
  |    12   |   1   |   0  1  0  1  1   |     17     9    57    49    67    59    47    39    27    19   |   1   ||     6  |   0  0  1  1  0   |     27    57    57    57    37 
  |    13   |   0   |   1  0  1  0  1   |     22    14    52    44    72    64    42    34    22    14   |   1   ||     6  |   0  0  1  1  0   |     32    62    52    52    42 
  |    13   |   0   |   1  0  1  0  1   |     17     9    57    49    67    59    47    39    17     9   |   1   ||     7  |   1  0  0  1  1   |     27    67    57    47    37 
  |    13   |   0   |   1  0  1  0  1   |     12     4    62    54    62    54    52    44    12     4   |   1   ||     7  |   1  0  0  1  1   |     22    72    62    42    32 
  |    14   |   0   |   0  1  0  1  0   |      7    -1    67    59    57    49    57    49     7    -1   |   1   ||     7  |   1  1  0  0  1   |     17    67    67    47    27 
  |    14   |   0   |   0  1  0  1  0   |     12     4    62    54    62    54    52    44    12     4   |   1   ||     7  |   1  1  0  0  1   |     12    62    72    52    22 
  |    15   |   1   |   0  0  1  0  1   |      7    -1    67    59    57    49    57    49     7    -1   |   1   ||     8  |   1  1  1  0  0   |     17    67    77    47    17 
  |    15   |   1   |   0  0  1  0  1   |      2    -6    62    54    62    54    52    44    12     4   |   1   ||     8  |   1  1  1  0  0   |     22    72    82    42    12 
  |    16   |   0   |   1  0  0  1  0   |     -3   -11    57    49    67    59    47    39    17     9   |   1   ||     8  |   1  1  1  1  0   |     27    77    87    47     7 
  |    16   |   0   |   1  0  0  1  0   |      2    -6    52    44    62    54    52    44    12     4   |   1   ||     8  |   1  1  1  1  0   |     32    82    92    52     2 
  |    17   |   0   |   0  1  0  0  1   |      7    -1    47    39    57    49    57    49     7    -1   |   1   ||     9  |   0  1  1  1  1   |     27    87    97    57     7 
  |    17   |   0   |   0  1  0  0  1   |     12     4    42    34    62    54    62    54     2    -6   |   1   ||     9  |   0  1  1  1  1   |     32    82    92    52     2 
  |    18   |   1   |   0  0  1  0  0   |     17     9    37    29    67    59    67    59    -3   -11   |   1   ||     9  |   0  0  1  1  1   |     37    87    87    47    -3 
  |    18   |   1   |   0  0  1  0  0   |     22    14    42    34    62    54    72    64     2    -6   |   1   ||     9  |   0  0  1  1  1   |     42    92    82    42    -8 
  |    19   |   0   |   1  0  0  1  0   |     27    19    47    39    57    49    77    69     7    -1   |   1   ||     9  |   0  0  1  1  1   |     47    97    77    37   -13 
  |    19   |   0   |   1  0  0  1  0   |     32    24    42    34    52    44    82    74     2    -6   |   1   ||    10  |   1  0  0  1  1   |     52    92    72    42    -8 
  |    19   |   0   |   1  0  0  1  0   |     37    29    37    29    47    39    87    79    -3   -11   |   1   ||    10  |   1  0  0  1  1   |     57    87    67    47    -3 
  |    20   |   0   |   0  1  0  0  1   |     42    34    32    24    42    34    92    84    -8   -16   |   1   ||    10  |   1  1  0  0  1   |     62    92    62    42     2 
  |    20   |   0   |   0  1  0  0  1   |     37    29    37    29    37    29    87    79    -3   -11   |   1   ||    10  |   1  1  0  0  1   |     67    97    57    37     7 
  |    21   |   0   |   0  0  1  0  0   |     42    34    32    24    42    34    92    84    -8   -16   |   1   ||    11  |   0  1  1  0  0   |     72    92    52    42    12 
  |    21   |   0   |   0  0  1  0  0   |     47    39    37    29    37    29    97    89    -3   -11   |   1   ||    11  |   0  1  1  0  0   |     77    87    47    47    17 
  |    22   |   1   |   0  0  0  1  0   |     52    44    42    34    32    24   102    94     2    -6   |   1   ||    11  |   0  0  1  1  0   |     82    92    42    42    22 
  |    22   |   1   |   0  0  0  1  0   |     57    49    47    39    37    29    97    89     7    -1   |   1   ||    11  |   0  0  1  1  0   |     87    97    37    37    27 
  |    23   |   1   |   1  0  0  0  1   |     52    44    42    34    32    24   102    94     2    -6   |   1   ||    12  |   1  0  0  1  1   |     92    92    32    42    32 
  |    23   |   1   |   1  0  0  0  1   |     57    49    37    29    27    19    97    89     7    -1   |   1   ||    12  |   1  0  0  1  1   |     97    87    27    47    37 
  |    24   |   1   |   1  1  0  0  0   |     62    54    32    24    22    14    92    84    12     4   |   1   ||    12  |   1  1  0  0  1   |    102    92    22    42    42 
  |    24   |   1   |   1  1  0  0  0   |     67    59    37    29    17     9    87    79     7    -1   |   1   ||    12  |   1  1  0  0  1   |    107    97    17    37    47 
  |    25   |   1   |   1  1  1  0  0   |     72    64    42    34    12     4    82    74     2    -6   |   1   ||    13  |   0  1  1  0  0   |    102   102    22    32    42 
  |    25   |   1   |   1  1  1  0  0   |     77    69    47    39    17     9    77    69    -3   -11   |   1   ||    13  |   0  1  1  0  0   |     97   107    27    27    37 
  |    26   |   0   |   1  1  1  1  0   |     82    74    52    44    22    14    72    64    -8   -16   |   1   ||    13  |   0  1  1  0  0   |     92   112    32    22    32 
  |    26   |   0   |   1  1  1  1  0   |     87    79    57    49    27    19    77    69   -13   -21   |   1   ||    13  |   0  0  1  1  0   |     87   107    37    27    27 
  |    26   |   0   |   1  1  1  1  0   |     92    84    62    54    32    24    82    74   -18   -26   |   1   ||    13  |   0  0  1  1  0   |     82   102    42    32    22 
  |    27   |   0   |   0  1  1  1  1   |     87    79    57    49    27    19    77    69   -13   -21   |   1   ||    14  |   0  0  0  1  1   |     87   107    47    27    17 
  |    27   |   0   |   0  1  1  1  1   |     92    84    52    44    22    14    72    64   -18   -26   |   1   ||    14  |   0  0  0  1  1   |     92   112    52    22    12 
  |    28   |   0   |   0  0  1  1  1   |     97    89    47    39    17     9    67    59   -23   -31   |   1   ||    14  |   0  0  0  0  1   |     97   117    57    27     7 
  |    28   |   0   |   0  0  1  1  1   |    102    94    52    44    12     4    62    54   -28   -36   |   1   ||    14  |   0  0  0  0  1   |    102   122    62    32     2 
  |    29   |   1   |   0  0  0  1  1   |     97    89    47    39    17     9    67    59   -23   -31   |   1   ||    15  |   1  0  0  0  0   |    107   117    57    27    -3 
  |    29   |   1   |   0  0  0  1  1   |     92    84    42    34    12     4    72    64   -18   -26   |   1   ||    15  |   1  0  0  0  0   |    112   112    52    22    -8 
  |    30   |   0   |   1  0  0  0  1   |     87    79    37    29     7    -1    77    69   -13   -21   |   1   ||    15  |   1  1  0  0  0   |    117   117    47    17   -13 
  |    30   |   0   |   1  0  0  0  1   |     92    84    32    24     2    -6    72    64    -8   -16   |   1   ||    15  |   1  1  0  0  0   |    122   122    42    12   -18 
  |    31   |   0   |   0  1  0  0  0   |     97    89    27    19    -3   -11    67    59    -3   -11   |   1   ||    16  |   0  1  1  0  0   |    117   127    47     7   -23 
  |    31   |   0   |   0  1  0  0  0   |     92    84    32    24    -8   -16    62    54    -8   -16   |   1   ||    16  |   0  1  1  0  0   |    112   132    52     2   -28 
  |    32   |   0   |   0  0  1  0  0   |     87    79    37    29   -13   -21    57    49   -13   -21   |   1   ||    16  |   0  0  1  1  0   |    107   127    57     7   -33 
  |    32   |   0   |   0  0  1  0  0   |     82    74    32    24    -8   -16    52    44   -18   -26   |   1   ||    16  |   0  0  1  1  0   |    102   122    62    12   -38 
  |    33   |   1   |   0  0  0  1  0   |     77    69    27    19    -3   -11    47    39   -23   -31   |   1   ||    16  |   0  0  1  1  0   |     97   117    67    17   -43 
  |    33   |   1   |   0  0  0  1  0   |     82    74    32    24     2    -6    42    34   -18   -26   |   1   ||    17  |   0  0  0  1  1   |    102   122    72    12   -48 
  |    33   |   1   |   0  0  0  1  0   |     87    79    37    29     7    -1    37    29   -13   -21   |   1   ||    17  |   0  0  0  1  1   |    107   127    77     7   -53 
  |    34   |   0   |   1  0  0  0  1   |     92    84    42    34    12     4    32    24    -8   -16   |   1   ||    17  |   0  0  0  0  1   |    112   132    82    12   -58 
  |    34   |   0   |   1  0  0  0  1   |     87    79    47    39    17     9    37    29   -13   -21   |   1   ||    17  |   0  0  0  0  1   |    117   137    87    17   -63 
  |    35   |   1   |   0  1  0  0  0   |     92    84    42    34    12     4    32    24    -8   -16   |   1   ||    18  |   1  0  0  0  0   |    122   132    82    12   -68 
  |    35   |   1   |   0  1  0  0  0   |     87    79    47    39     7    -1    27    19   -13   -21   |   1   ||    18  |   1  0  0  0  0   |    127   127    77     7   -73 
  |    36   |   0   |   1  0  1  0  0   |     82    74    52    44     2    -6    22    14   -18   -26   |   1   ||    18  |   1  1  0  0  0   |    132   132    72     2   -78 
  |    36   |   0   |   1  0  1  0  0   |     87    79    47    39     7    -1    17     9   -23   -31   |   1   ||    18  |   1  1  0  0  0   |    137   137    67    -3   -83 
  |    37   |   1   |   0  1  0  1  0   |     92    84    42    34    12     4    12     4   -28   -36   |   1   ||    19  |   0  1  1  0  0   |    132   142    72    -8   -88 
  |    37   |   1   |   0  1  0  1  0   |     87    79    47    39     7    -1    17     9   -33   -41   |   1   ||    19  |   0  1  1  0  0   |    127   147    77   -13   -93 
  |    38   |   1   |   1  0  1  0  1   |     82    74    52    44     2    -6    22    14   -38   -46   |   1   ||    19  |   0  0  1  1  0   |    122   142    82    -8   -98 
  |    38   |   1   |   1  0  1  0  1   |     87    79    47    39     7    -1    17     9   -33   -41   |   1   ||    19  |   0  0  1  1  0   |    117   137    87    -3  -103 
  |    39   |   0   |   1  1  0  1  0   |     92    84    42    34    12     4    12     4   -28   -36   |   1   ||    19  |   0  0  1  1  0   |    112   132    92     2  -108 
  |    39   |   0   |   1  1  0  1  0   |     97    89    47    39     7    -1    17     9   -33   -41   |   1   ||    20  |   0  0  0  1  1   |    107   127    87     7  -103 
  |    39   |   0   |   1  1  0  1  0   |    102    94    52    44     2    -6    22    14   -38   -46   |   1   ||    20  |   0  0  0  1  1   |    102   122    82    12   -98 
  |    40   |   1   |   0  1  1  0  1   |    107    99    57    49    -3   -11    27    19   -43   -51   |   1   ||    20  |   0  0  0  0  1   |     97   117    77     7   -93 
  |    40   |   1   |   0  1  1  0  1   |    102    94    62    54     2    -6    22    14   -38   -46   |   1   ||    20  |   0  0  0  0  1   |     92   112    72     2   -88 
  |    41   |   0   |   1  0  1  1  0   |    107    99    57    49    -3   -11    27    19   -43   -51   |   1   ||    21  |   0  0  0  0  0   |     97   117    77     7   -83 
  |    41   |   0   |   1  0  1  1  0   |    102    94    62    54    -8   -16    22    14   -38   -46   |   1   ||    21  |   0  0  0  0  0   |    102   122    82    12   -78 
  |    42   |   1   |   0  1  0  1  1   |     97    89    67    59   -13   -21    17     9   -33   -41   |   1   ||    21  |   0  0  0  0  0   |    107   127    87    17   -73 
  |    42   |   1   |   0  1  0  1  1   |    102    94    62    54    -8   -16    12     4   -38   -46   |   1   ||    21  |   0  0  0  0  0   |    112   132    92    22   -68 
  |    43   |   1   |   1  0  1  0  1   |    107    99    57    49    -3   -11     7    -1   -43   -51   |   1   ||    22  |   1  0  0  0  0   |    107   137    97    27   -63 
  |    43   |   1   |   1  0  1  0  1   |    102    94    62    54    -8   -16    12     4   -48   -56   |   1   ||    22  |   1  0  0  0  0   |    102   142   102    32   -58 
  |    44   |   0   |   1  1  0  1  0   |     97    89    67    59   -13   -21    17     9   -53   -61   |   1   ||    22  |   1  1  0  0  0   |     97   137   107    37   -53 
  |    44   |   0   |   1  1  0  1  0   |     92    84    62    54    -8   -16    12     4   -48   -56   |   1   ||    22  |   1  1  0  0  0   |     92   132   112    42   -48 
  |    45   |   1   |   0  1  1  0  1   |     87    79    57    49    -3   -11     7    -1   -43   -51   |   1   ||    23  |   1  1  1  0  0   |     87   127   107    47   -43 
  |    45   |   1   |   0  1  1  0  1   |     92    84    52    44    -8   -16    12     4   -48   -56   |   1   ||    23  |   1  1  1  0  0   |     82   122   102    52   -38 
  |    46   |   0   |   1  0  1  1  0   |     97    89    47    39   -13   -21    17     9   -53   -61   |   1   ||    23  |   1  1  1  0  0   |     77   117    97    57   -33 
  |    46   |   0   |   1  0  1  1  0   |     92    84    52    44   -18   -26    12     4   -48   -56   |   1   ||    23  |   1  1  1  1  0   |     72   112    92    52   -28 
  |    46   |   0   |   1  0  1  1  0   |     87    79    57    49   -23   -31     7    -1   -43   -51   |   1   ||    23  |   1  1  1  1  0   |     67   107    87    47   -23 
  |    47   |   1   |   0  1  0  1  1   |     82    74    62    54   -28   -36     2    -6   -38   -46   |   1   ||    24  |   1  1  1  1  1   |     62   102    82    42   -28 
  |    47   |   1   |   0  1  0  1  1   |     87    79    57    49   -23   -31    -3   -11   -43   -51   |   1   ||    24  |   1  1  1  1  1   |     57    97    77    37   -33 
  |    48   |   0   |   1  0  1  0  1   |     92    84    52    44   -18   -26    -8   -16   -48   -56   |   1   ||    24  |   1  1  1  1  1   |     52    92    72    32   -38 
  |    48   |   0   |   1  0  1  0  1   |     87    79    57    49   -23   -31    -3   -11   -53   -61   |   1   ||    24  |   1  1  1  1  1   |     47    87    67    27   -43 
  |    49   |   0   |   0  1  0  1  0   |     92    84    52    44   -18   -26    -8   -16   -48   -56   |   1   ||    25  |   1  1  1  1  1   |     52    92    72    32   -38 
  |    49   |   0   |   0  1  0  1  0   |     87    79    57    49   -23   -31    -3   -11   -53   -61   |   1   ||    25  |   1  1  1  1  1   |     57    97    77    37   -33 
  |    50   |   0   |   0  0  1  0  1   |     82    74    62    54   -28   -36     2    -6   -58   -66   |   1   ||    25  |   1  1  1  1  1   |     62   102    82    42   -28 
  |    50   |   0   |   0  0  1  0  1   |     77    69    57    49   -23   -31    -3   -11   -53   -61   |   1   ||    25  |   1  1  1  1  1   |     67   107    87    47   -23 
  |    51   |   0   |   0  0  0  1  0   |     72    64    52    44   -18   -26    -8   -16   -48   -56   |   1   ||    26  |   0  1  1  1  1   |     62   112    92    52   -18 
  |    51   |   0   |   0  0  0  1  0   |     67    59    47    39   -23   -31    -3   -11   -53   -61   |   1   ||    26  |   0  1  1  1  1   |     57   117    97    57   -13 
  |    52   |   0   |   0  0  0  0  1   |     62    54    42    34   -28   -36     2    -6   -58   -66   |   1   ||    26  |   0  0  1  1  1   |     52   112   102    62    -8 
  |    52   |   0   |   0  0  0  0  1   |     57    49    37    29   -33   -41    -3   -11   -53   -61   |   1   ||    26  |   0  0  1  1  1   |     47   107   107    67    -3 
  |    53   |   1   |   0  0  0  0  0   |     52    44    32    24   -38   -46    -8   -16   -48   -56   |   1   ||    26  |   0  0  1  1  1   |     42   102   112    72     2 
  |    53   |   1   |   0  0  0  0  0   |     47    39    27    19   -43   -51   -13   -21   -53   -61   |   1   ||    27  |   0  0  0  1  1   |     37    97   107    77     7 
  |    53   |   1   |   0  0  0  0  0   |     42    34    22    14   -48   -56   -18   -26   -58   -66   |   1   ||    27  |   0  0  0  1  1   |     32    92   102    82    12 
  |    54   |   1   |   1  0  0  0  0   |     37    29    17     9   -53   -61   -23   -31   -63   -71   |   1   ||    27  |   0  0  0  0  1   |     27    87    97    77    17 
  |    54   |   1   |   1  0  0  0  0   |     42    34    12     4   -58   -66   -28   -36   -68   -76   |   1   ||    27  |   0  0  0  0  1   |     22    82    92    72    22 
  |    55   |   0   |   1  1  0  0  0   |     37    29    17     9   -53   -61   -23   -31   -63   -71   |   1   ||    28  |   0  0  0  0  0   |     27    87    97    77    27 
  |    55   |   0   |   1  1  0  0  0   |     32    24    12     4   -48   -56   -18   -26   -58   -66   |   1   ||    28  |   0  0  0  0  0   |     32    92   102    82    32 
  |    56   |   1   |   0  1  1  0  0   |     27    19     7    -1   -43   -51   -13   -21   -53   -61   |   1   ||    28  |   0  0  0  0  0   |     37    97   107    87    37 
  |    56   |   1   |   0  1  1  0  0   |     32    24     2    -6   -48   -56    -8   -16   -48   -56   |   1   ||    28  |   0  0  0  0  0   |     42   102   112    92    42 
  |    57   |   0   |   1  0  1  1  0   |     37    29    -3   -11   -53   -61    -3   -11   -43   -51   |   1   ||    29  |   1  0  0  0  0   |     37   107   117    97    47 
  |    57   |   0   |   1  0  1  1  0   |     42    34    -8   -16   -48   -56     2    -6   -48   -56   |   1   ||    29  |   1  0  0  0  0   |     42   102   112    92    42 
  |    58   |   0   |   0  1  0  1  1   |     47    39   -13   -21   -43   -51     7    -1   -53   -61   |   1   ||    29  |   1  1  0  0  0   |     47   107   107    87    37 
  |    58   |   0   |   0  1  0  1  1   |     42    34    -8   -16   -48   -56    12     4   -48   -56   |   1   ||    29  |   1  1  0  0  0   |     52   112   102    82    32 
  |    59   |   1   |   0  0  1  0  1   |     37    29    -3   -11   -53   -61    17     9   -43   -51   |   1   ||    29  |   1  1  0  0  0   |     57   117    97    77    27 
  |    59   |   1   |   0  0  1  0  1   |     32    24    -8   -16   -48   -56    12     4   -38   -46   |   1   ||    30  |   0  1  1  0  0   |     52   122   102    72    22 
  |    59   |   1   |   0  0  1  0  1   |     27    19   -13   -21   -43   -51     7    -1   -33   -41   |   1   ||    30  |   0  1  1  0  0   |     47   127   107    67    17 
  |    60   |   0   |   1  0  0  1  0   |     22    14   -18   -26   -38   -46     2    -6   -28   -36   |   1   ||    30  |   0  0  1  1  0   |     42   122   112    72    12 
  |    60   |   0   |   1  0  0  1  0   |     27    19   -23   -31   -43   -51     7    -1   -33   -41   |   1   ||    30  |   0  0  1  1  0   |     37   117   117    77     7 
  |    61   |   0   |   0  1  0  0  1   |     32    24   -28   -36   -48   -56    12     4   -38   -46   |   1   ||    31  |   0  0  0  1  1   |     32   112   112    82    12 
  |    61   |   0   |   0  1  0  0  1   |     27    19   -23   -31   -53   -61     7    -1   -33   -41   |   1   ||    31  |   0  0  0  1  1   |     27   107   107    87    17 
  |    62   |   1   |   0  0  1  0  0   |     22    14   -18   -26   -58   -66     2    -6   -28   -36   |   1   ||    31  |   0  0  0  0  1   |     22   102   102    82    22 
  |    62   |   1   |   0  0  1  0  0   |     17     9   -23   -31   -53   -61    -3   -11   -33   -41   |   1   ||    31  |   0  0  0  0  1   |     17    97    97    77    27 
  |    63   |   1   |   1  0  0  1  0   |     22    14   -18   -26   -58   -66     2    -6   -28   -36   |   1   ||    32  |   0  0  0  0  0   |     22   102   102    82    32 
  |    63   |   1   |   1  0  0  1  0   |     17     9   -13   -21   -53   -61    -3   -11   -23   -31   |   1   ||    32  |   0  0  0  0  0   |     27   107   107    87    37 
  |    64   |   1   |   1  1  0  0  1   |     12     4    -8   -16   -48   -56    -8   -16   -18   -26   |   1   ||    32  |   0  0  0  0  0   |     32   112   112    92    42 
  |    64   |   1   |   1  1  0  0  1   |      7    -1   -13   -21   -43   -51    -3   -11   -23   -31   |   1   ||    32  |   0  0  0  0  0   |     37   117   117    97    47 
  |    65   |   0   |   1  1  1  0  0   |      2    -6   -18   -26   -38   -46     2    -6   -28   -36   |   1   ||    33  |   1  0  0  0  0   |     32   122   122   102    52 
  |    65   |   0   |   1  1  1  0  0   |      7    -1   -13   -21   -33   -41    -3   -11   -33   -41   |   1   ||    33  |   1  0  0  0  0   |     37   117   117    97    47 
  |    66   |   0   |   0  1  1  1  0   |     12     4    -8   -16   -28   -36    -8   -16   -38   -46   |   1   ||    33  |   1  0  0  0  0   |     42   112   112    92    42 
  |    66   |   0   |   0  1  1  1  0   |      7    -1    -3   -11   -23   -31    -3   -11   -43   -51   |   1   ||    33  |   1  1  0  0  0   |     47   117   107    87    37 
  |    66   |   0   |   0  1  1  1  0   |      2    -6     2    -6   -18   -26     2    -6   -48   -56   |   1   ||    33  |   1  1  0  0  0   |     52   122   102    82    32 
  |    67   |   0   |   0  0  1  1  1   |      7    -1    -3   -11   -23   -31    -3   -11   -43   -51   |   1   ||    34  |   0  1  1  0  0   |     57   117    97    87    37 
  |    67   |   0   |   0  0  1  1  1   |     12     4     2    -6   -28   -36    -8   -16   -48   -56   |   1   ||    34  |   0  1  1  0  0   |     62   112    92    92    42 
  |    68   |   1   |   0  0  0  1  1   |     17     9     7    -1   -33   -41   -13   -21   -53   -61   |   1   ||    34  |   0  0  1  1  0   |     67   117    87    87    47 
  |    68   |   1   |   0  0  0  1  1   |     22    14    12     4   -28   -36   -18   -26   -58   -66   |   1   ||    34  |   0  0  1  1  0   |     72   122    82    82    52 
  |    69   |   0   |   1  0  0  0  1   |     17     9     7    -1   -33   -41   -13   -21   -53   -61   |   1   ||    35  |   1  0  0  1  1   |     77   117    77    87    57 
  |    69   |   0   |   1  0  0  0  1   |     22    14     2    -6   -38   -46   -18   -26   -48   -56   |   1   ||    35  |   1  0  0  1  1   |     82   112    72    92    62 
  |    70   |   0   |   0  1  0  0  0   |     27    19    -3   -11   -43   -51   -23   -31   -43   -51   |   1   ||    35  |   1  1  0  0  1   |     87   117    67    87    67 
  |    70   |   0   |   0  1  0  0  0   |     22    14     2    -6   -48   -56   -28   -36   -48   -56   |   1   ||    35  |   1  1  0  0  1   |     92   122    62    82    72 
  |    71   |   0   |   0  0  1  0  0   |     17     9     7    -1   -53   -61   -33   -41   -53   -61   |   1   ||    36  |   0  1  1  0  0   |     87   127    67    77    67 
  |    71   |   0   |   0  0  1  0  0   |     22    14    12     4   -58   -66   -28   -36   -48   -56   |   1   ||    36  |   0  1  1  0  0   |     92   122    62    82    72 
  |    72   |   0   |   0  0  0  1  0   |     27    19    17     9   -63   -71   -23   -31   -43   -51   |   1   ||    36  |   0  0  1  1  0   |     97   127    57    77    77 
  |    72   |   0   |   0  0  0  1  0   |     32    24    22    14   -58   -66   -28   -36   -38   -46   |   1   ||    36  |   0  0  1  1  0   |    102   132    52    72    82 
  |    73   |   0   |   0  0  0  0  1   |     37    29    27    19   -53   -61   -33   -41   -33   -41   |   1   ||    36  |   0  0  1  1  0   |    107   137    47    67    87 
  |    73   |   0   |   0  0  0  0  1   |     42    34    32    24   -48   -56   -28   -36   -38   -46   |   1   ||    37  |   1  0  0  1  1   |    102   142    52    62    82 
  |    73   |   0   |   0  0  0  0  1   |     47    39    37    29   -43   -51   -23   -31   -43   -51   |   1   ||    37  |   1  0  0  1  1   |     97   147    57    57    77 
  |    74   |   1   |   0  0  0  0  0   |     52    44    42    34   -38   -46   -18   -26   -48   -56   |   1   ||    37  |   1  1  0  0  1   |     92   142    62    62    72 
  |    74   |   1   |   0  0  0  0  0   |     57    49    47    39   -33   -41   -13   -21   -43   -51   |   1   ||    37  |   1  1  0  0  1   |     87   137    67    67    67 
  |    75   |   1   |   1  0  0  0  0   |     52    44    42    34   -38   -46   -18   -26   -48   -56   |   1   ||    38  |   1  1  1  0  0   |     92   142    72    62    62 
  |    75   |   1   |   1  0  0  0  0   |     57    49    37    29   -43   -51   -23   -31   -53   -61   |   1   ||    38  |   1  1  1  0  0   |     97   147    77    57    57 
  |    76   |   1   |   1  1  0  0  0   |     62    54    32    24   -48   -56   -28   -36   -58   -66   |   1   ||    38  |   1  1  1  1  0   |    102   152    82    62    52 
  |    76   |   1   |   1  1  0  0  0   |     67    59    37    29   -53   -61   -33   -41   -63   -71   |   1   ||    38  |   1  1  1  1  0   |    107   157    87    67    47 
  |    77   |   0   |   1  1  1  0  0   |     72    64    42    34   -58   -66   -38   -46   -68   -76   |   1   ||    39  |   0  1  1  1  1   |    102   162    92    72    52 
  |    77   |   0   |   1  1  1  0  0   |     67    59    37    29   -63   -71   -33   -41   -63   -71   |   1   ||    39  |   0  1  1  1  1   |    107   157    87    67    47 
  |    78   |   1   |   0  1  1  1  0   |     62    54    32    24   -68   -76   -28   -36   -58   -66   |   1   ||    39  |   0  0  1  1  1   |    112   162    82    62    42 
  |    78   |   1   |   0  1  1  1  0   |     67    59    27    19   -73   -81   -33   -41   -53   -61   |   1   ||    39  |   0  0  1  1  1   |    117   167    77    57    37 
  |    79   |   0   |   1  0  1  1  1   |     72    64    22    14   -78   -86   -38   -46   -48   -56   |   1   ||    39  |   0  0  1  1  1   |    122   172    72    52    32 
  |    79   |   0   |   1  0  1  1  1   |     77    69    17     9   -73   -81   -33   -41   -43   -51   |   1   ||    40  |   1  0  0  1  1   |    127   167    67    57    37 
  |    79   |   0   |   1  0  1  1  1   |     82    74    12     4   -68   -76   -28   -36   -38   -46   |   1   ||    40  |   1  0  0  1  1   |    132   162    62    62    42 
  |    80   |   0   |   0  1  0  1  1   |     87    79     7    -1   -63   -71   -23   -31   -33   -41   |   1   ||    40  |   1  1  0  0  1   |    137   167    57    57    47 
  |    80   |   0   |   0  1  0  1  1   |     82    74    12     4   -68   -76   -18   -26   -28   -36   |   1   ||    40  |   1  1  0  0  1   |    142   172    52    52    52 
  |    81   |   1   |   0  0  1  0  1   |     87    79     7    -1   -63   -71   -23   -31   -33   -41   |   1   ||    41  |   0  1  1  0  0   |    147   167    47    57    57 
  |    81   |   1   |   0  0  1  0  1   |     92    84    12     4   -68   -76   -18   -26   -38   -46   |   1   ||    41  |   0  1  1  0  0   |    152   162    42    62    62 
  |    82   |   0   |   1  0  0  1  0   |     97    89    17     9   -73   -81   -13   -21   -43   -51   |   1   ||    41  |   0  0  1  1  0   |    157   167    37    57    67 
  |    82   |   0   |   1  0  0  1  0   |     92    84    22    14   -68   -76   -18   -26   -38   -46   |   1   ||    41  |   0  0  1  1  0   |    162   172    32    52    72 
  |    83   |   1   |   0  1  0  0  1   |     87    79    27    19   -63   -71   -23   -31   -33   -41   |   1   ||    42  |   1  0  0  1  1   |    157   177    37    47    67 
  |    83   |   1   |   0  1  0  0  1   |     92    84    22    14   -58   -66   -18   -26   -38   -46   |   1   ||    42  |   1  0  0  1  1   |    152   182    42    42    62 
  |    84   |   1   |   1  0  1  0  0   |     97    89    17     9   -53   -61   -13   -21   -43   -51   |   1   ||    42  |   1  1  0  0  1   |    147   177    47    47    57 
  |    84   |   1   |   1  0  1  0  0   |     92    84    22    14   -58   -66    -8   -16   -38   -46   |   1   ||    42  |   1  1  0  0  1   |    142   172    52    52    52 
  |    85   |   0   |   1  1  0  1  0   |     87    79    27    19   -63   -71    -3   -11   -33   -41   |   1   ||    43  |   1  1  1  0  0   |    137   167    47    57    57 
  |    85   |   0   |   1  1  0  1  0   |     92    84    32    24   -68   -76     2    -6   -38   -46   |   1   ||    43  |   1  1  1  0  0   |    142   172    52    52    52 
  |    86   |   1   |   0  1  1  0  1   |     97    89    37    29   -73   -81     7    -1   -43   -51   |   1   ||    43  |   1  1  1  0  0   |    147   177    57    47    47 
  |    86   |   1   |   0  1  1  0  1   |     92    84    42    34   -68   -76     2    -6   -38   -46   |   1   ||    43  |   1  1  1  1  0   |    152   182    62    52    42 
  |    86   |   1   |   0  1  1  0  1   |     87    79    47    39   -63   -71    -3   -11   -33   -41   |   1   ||    43  |   1  1  1  1  0   |    157   187    67    57    37 
  |    87   |   0   |   1  0  1  1  0   |     92    84    42    34   -68   -76     2    -6   -38   -46   |   1   ||    44  |   0  1  1  1  1   |    162   182    62    52    32 
  |    87   |   0   |   1  0  1  1  0   |     87    79    47    39   -73   -81    -3   -11   -33   -41   |   1   ||    44  |   0  1  1  1  1   |    167   177    57    47    27 
  |    88   |   1   |   0  1  0  1  1   |     82    74    52    44   -78   -86    -8   -16   -28   -36   |   1   ||    44  |   0  0  1  1  1   |    172   182    52    42    22 
  |    88   |   1   |   0  1  0  1  1   |     87    79    47    39   -73   -81   -13   -21   -33   -41   |   1   ||    44  |   0  0  1  1  1   |    177   187    47    37    17 
  |    89   |   1   |   1  0  1  0  1   |     82    74    52    44   -78   -86    -8   -16   -28   -36   |   1   ||    45  |   1  0  0  1  1   |    182   182    42    42    22 
  |    89   |   1   |   1  0  1  0  1   |     87    79    47    39   -73   -81   -13   -21   -23   -31   |   1   ||    45  |   1  0  0  1  1   |    187   177    37    47    27 
  |    90   |   0   |   1  1  0  1  0   |     92    84    42    34   -68   -76   -18   -26   -18   -26   |   1   ||    45  |   1  1  0  0  1   |    192   182    32    42    32 
  |    90   |   0   |   1  1  0  1  0   |     97    89    47    39   -73   -81   -13   -21   -23   -31   |   1   ||    45  |   1  1  0  0  1   |    197   187    27    37    37 
  |    91   |   0   |   0  1  1  0  1   |    102    94    52    44   -78   -86    -8   -16   -28   -36   |   1   ||    46  |   0  1  1  0  0   |    192   192    32    32    32 
  |    91   |   0   |   0  1  1  0  1   |    107    99    47    39   -83   -91    -3   -11   -33   -41   |   1   ||    46  |   0  1  1  0  0   |    197   187    27    37    37 
  |    92   |   0   |   0  0  1  1  0   |    112   104    42    34   -88   -96     2    -6   -38   -46   |   1   ||    46  |   0  1  1  0  0   |    202   182    22    42    42 
  |    92   |   0   |   0  0  1  1  0   |    117   109    47    39   -93  -101    -3   -11   -33   -41   |   1   ||    46  |   0  0  1  1  0   |    207   187    17    37    47 
  |    92   |   0   |   0  0  1  1  0   |    122   114    52    44   -98  -106    -8   -16   -28   -36   |   1   ||    46  |   0  0  1  1  0   |    212   192    12    32    52 
  |    93   |   1   |   0  0  0  1  1   |    117   109    47    39   -93  -101    -3   -11   -33   -41   |   1   ||    47  |   1  0  0  1  1   |    217   187     7    37    57 
  |    93   |   1   |   0  0  0  1  1   |    112   104    42    34   -98  -106     2    -6   -28   -36   |   1   ||    47  |   1  0  0  1  1   |    222   182     2    42    62 
  |    94   |   1   |   1  0  0  0  1   |    107    99    37    29  -103  -111     7    -1   -23   -31   |   1   ||    47  |   1  1  0  0  1   |    227   187    -3    37    67 
  |    94   |   1   |   1  0  0  0  1   |    112   104    32    24  -108  -116     2    -6   -18   -26   |   1   ||    47  |   1  1  0  0  1   |    232   192    -8    32    72 
  |    95   |   0   |   1  1  0  0  0   |    117   109    27    19  -113  -121    -3   -11   -13   -21   |   1   ||    48  |   0  1  1  0  0   |    227   197    -3    27    67 
  |    95   |   0   |   1  1  0  0  0   |    122   114    32    24  -118  -126    -8   -16   -18   -26   |   1   ||    48  |   0  1  1  0  0   |    222   202     2    22    62 
  |    96   |   0   |   0  1  1  0  0   |    127   119    37    29  -123  -131   -13   -21   -23   -31   |   1   ||    48  |   0  0  1  1  0   |    217   197     7    27    57 
  |    96   |   0   |   0  1  1  0  0   |    122   114    42    34  -118  -126   -18   -26   -28   -36   |   1   ||    48  |   0  0  1  1  0   |    212   192    12    32    52 
  |    97   |   0   |   0  0  1  1  0   |    117   109    47    39  -113  -121   -23   -31   -33   -41   |   1   ||    49  |   0  0  0  1  1   |    207   187     7    37    57 
  |    97   |   0   |   0  0  1  1  0   |    112   104    42    34  -108  -116   -18   -26   -38   -46   |   1   ||    49  |   0  0  0  1  1   |    202   182     2    42    62 
  |    98   |   0   |   0  0  0  1  1   |    107    99    37    29  -103  -111   -13   -21   -43   -51   |   1   ||    49  |   0  0  0  0  1   |    197   177    -3    37    67 
  |    98   |   0   |   0  0  0  1  1   |    102    94    32    24  -108  -116    -8   -16   -38   -46   |   1   ||    49  |   0  0  0  0  1   |    192   172    -8    32    72 
  |    99   |   0   |   0  0  0  0  1   |     97    89    27    19  -113  -121    -3   -11   -33   -41   |   1   ||    49  |   0  0  0  0  1   |    187   167   -13    27    77 
  |    99   |   0   |   0  0  0  0  1   |     92    84    22    14  -118  -126    -8   -16   -28   -36   |   1   ||    50  |   0  0  0  0  0   |    182   162   -18    22    72 
  |    99   |   0   |   0  0  0  0  1   |     87    79    17     9  -123  -131   -13   -21   -23   -31   |   1   ||    50  |   0  0  0  0  0   |    177   157   -23    17    67 
  |   100   |   1   |   0  0  0  0  0   |     82    74    12     4  -128  -136   -18   -26   -18   -26   |   1   ||    50  |   0  0  0  0  0   |    172   152   -28    12    62 
  |   100   |   1   |   0  0  0  0  0   |     77    69     7    -1  -133  -141   -23   -31   -23   -31   |   1   ||    50  |   0  0  0  0  0   |    167   147   -33     7    57 
  |   101   |   1   |   1  0  0  0  0   |     72    64     2    -6  -138  -146   -28   -36   -28   -36   |   1   ||    51  |   0  0  0  0  0   |    162   142   -38     2    52 
  |   101   |   1   |   1  0  0  0  0   |     77    69    -3   -11  -143  -151   -33   -41   -33   -41   |   1   ||    51  |   0  0  0  0  0   |    157   137   -43    -3    47 
  |   102   |   1   |   1  1  0  0  0   |     82    74    -8   -16  -148  -156   -38   -46   -38   -46   |   1   ||    51  |   0  0  0  0  0   |    152   132   -48    -8    42 
  |   102   |   1   |   1  1  0  0  0   |     87    79    -3   -11  -153  -161   -43   -51   -43   -51   |   1   ||    51  |   0  0  0  0  0   |    147   127   -53   -13    37 
  |   103   |   1   |   1  1  1  0  0   |     82    74    -8   -16  -148  -156   -38   -46   -38   -46   |   1   ||    52  |   0  0  0  0  0   |    152   132   -48    -8    42 
  |   103   |   1   |   1  1  1  0  0   |     77    69   -13   -21  -153  -161   -33   -41   -33   -41   |   1   ||    52  |   0  0  0  0  0   |    157   137   -43    -3    47 
  |   104   |   1   |   1  1  1  1  0   |     72    64   -18   -26  -158  -166   -28   -36   -28   -36   |   1   ||    52  |   0  0  0  0  0   |    162   142   -38     2    52 
  |   104   |   1   |   1  1  1  1  0   |     67    59   -23   -31  -163  -171   -33   -41   -23   -31   |   1   ||    52  |   0  0  0  0  0   |    167   147   -33     7    57 
  |   105   |   1   |   1  1  1  1  1   |     62    54   -28   -36  -168  -176   -38   -46   -18   -26   |   1   ||    53  |   1  0  0  0  0   |    162   152   -28    12    62 
  |   105   |   1   |   1  1  1  1  1   |     57    49   -33   -41  -173  -181   -43   -51   -23   -31   |   1   ||    53  |   1  0  0  0  0   |    157   157   -23    17    67 
  |   106   |   0   |   1  1  1  1  1   |     52    44   -38   -46  -178  -186   -48   -56   -28   -36   |   1   ||    53  |   1  0  0  0  0   |    152   162   -18    22    72 
  |   106   |   0   |   1  1  1  1  1   |     47    39   -43   -51  -183  -191   -53   -61   -33   -41   |   1   ||    53  |   1  1  0  0  0   |    147   157   -13    27    77 
  |   106   |   0   |   1  1  1  1  1   |     42    34   -48   -56  -188  -196   -58   -66   -38   -46   |   1   ||    53  |   1  1  0  0  0   |    142   152    -8    32    82 
  |   107   |   0   |   0  1  1  1  1   |     47    39   -43   -51  -183  -191   -53   -61   -33   -41   |   1   ||    54  |   1  1  1  0  0   |    147   157    -3    27    77 
  |   107   |   0   |   0  1  1  1  1   |     42    34   -38   -46  -178  -186   -48   -56   -28   -36   |   1   ||    54  |   1  1  1  0  0   |    152   162     2    22    72 
  |   108   |   0   |   0  0  1  1  1   |     37    29   -33   -41  -173  -181   -43   -51   -23   -31   |   1   ||    54  |   1  1  1  1  0   |    157   167     7    27    67 
  |   108   |   0   |   0  0  1  1  1   |     32    24   -38   -46  -168  -176   -38   -46   -18   -26   |   1   ||    54  |   1  1  1  1  0   |    162   172    12    32    62 
  |   109   |   0   |   0  0  0  1  1   |     37    29   -33   -41  -173  -181   -43   -51   -23   -31   |   1   ||    55  |   0  1  1  1  1   |    167   167     7    27    57 
  |   109   |   0   |   0  0  0  1  1   |     42    34   -28   -36  -168  -176   -48   -56   -28   -36   |   1   ||    55  |   0  1  1  1  1   |    172   162     2    22    52 
  |   110   |   1   |   0  0  0  0  1   |     47    39   -23   -31  -163  -171   -53   -61   -33   -41   |   1   ||    55  |   0  0  1  1  1   |    177   167    -3    17    47 
  |   110   |   1   |   0  0  0  0  1   |     52    44   -18   -26  -158  -166   -48   -56   -38   -46   |   1   ||    55  |   0  0  1  1  1   |    182   172    -8    12    42 
  |   111   |   1   |   1  0  0  0  0   |     57    49   -13   -21  -153  -161   -43   -51   -43   -51   |   1   ||    56  |   1  0  0  1  1   |    177   177    -3     7    37 
  |   111   |   1   |   1  0  0  0  0   |     62    54   -18   -26  -158  -166   -48   -56   -48   -56   |   1   ||    56  |   1  0  0  1  1   |    182   172    -8    12    42 
  |   112   |   1   |   1  1  0  0  0   |     67    59   -23   -31  -163  -171   -53   -61   -53   -61   |   1   ||    56  |   1  0  0  1  1   |    187   167   -13    17    47 
  |   112   |   1   |   1  1  0  0  0   |     72    64   -18   -26  -168  -176   -58   -66   -58   -66   |   1   ||    56  |   1  1  0  0  1   |    192   172   -18    12    52 
  |   112   |   1   |   1  1  0  0  0   |     77    69   -13   -21  -173  -181   -63   -71   -63   -71   |   1   ||    56  |   1  1  0  0  1   |    197   177   -23     7    57 
  |   113   |   1   |   1  1  1  0  0   |     82    74    -8   -16  -178  -186   -68   -76   -68   -76   |   1   ||    57  |   0  1  1  0  0   |    192   182   -18     2    52 
  |   113   |   1   |   1  1  1  0  0   |     87    79    -3   -11  -173  -181   -73   -81   -73   -81   |   1   ||    57  |   0  1  1  0  0   |    187   187   -13    -3    47 
  |   114   |   1   |   1  1  1  1  0   |     92    84     2    -6  -168  -176   -78   -86   -78   -86   |   1   ||    57  |   0  0  1  1  0   |    182   182    -8     2    42 
  |   114   |   1   |   1  1  1  1  0   |     97    89     7    -1  -163  -171   -73   -81   -83   -91   |   1   ||    57  |   0  0  1  1  0   |    177   177    -3     7    37 
  |   115   |   1   |   1  1  1  1  1   |     92    84     2    -6  -168  -176   -78   -86   -78   -86   |   1   ||    58  |   0  0  0  1  1   |    182   182     2     2    32 
  |   115   |   1   |   1  1  1  1  1   |     87    79    -3   -11  -173  -181   -83   -91   -83   -91   |   1   ||    58  |   0  0  0  1  1   |    187   187     7    -3    27 
  |   116   |   0   |   1  1  1  1  1   |     82    74    -8   -16  -178  -186   -88   -96   -88   -96   |   1   ||    58  |   0  0  0  0  1   |    192   192    12     2    22 
  |   116   |   0   |   1  1  1  1  1   |     77    69   -13   -21  -183  -191   -93  -101   -93  -101   |   1   ||    58  |   0  0  0  0  1   |    197   197    17     7    17 
  |   117   |   1   |   0  1  1  1  1   |     72    64   -18   -26  -188  -196   -98  -106   -98  -106   |   1   ||    59  |   1  0  0  0  0   |    192   202    22    12    22 
  |   117   |   1   |   0  1  1  1  1   |     67    59   -13   -21  -183  -191   -93  -101   -93  -101   |   1   ||    59  |   1  0  0  0  0   |    197   197    17     7    17 
  |   118   |   0   |   1  0  1  1  1   |     62    54    -8   -16  -178  -186   -88   -96   -88   -96   |   1   ||    59  |   1  1  0  0  0   |    202   202    12     2    12 
  |   118   |   0   |   1  0  1  1  1   |     67    59   -13   -21  -173  -181   -83   -91   -83   -91   |   1   ||    59  |   1  1  0  0  0   |    207   207     7    -3     7 
  |   119   |   0   |   0  1  0  1  1   |     72    64   -18   -26  -168  -176   -78   -86   -78   -86   |   1   ||    59  |   1  1  0  0  0   |    212   212     2    -8     2 
  |   119   |   0   |   0  1  0  1  1   |     67    59   -13   -21  -173  -181   -73   -81   -73   -81   |   1   ||    60  |   0  1  1  0  0   |    207   217     7   -13    -3 
  |   119   |   0   |   0  1  0  1  1   |     62    54    -8   -16  -178  -186   -68   -76   -68   -76   |   1   ||    60  |   0  1  1  0  0   |    202   222    12   -18    -8 
  |   120   |   0   |   0  0  1  0  1   |     57    49    -3   -11  -183  -191   -63   -71   -63   -71   |   1   ||    60  |   0  0  1  1  0   |    197   217    17   -13   -13 
  |   120   |   0   |   0  0  1  0  1   |     52    44    -8   -16  -178  -186   -68   -76   -58   -66   |   1   ||    60  |   0  0  1  1  0   |    192   212    22    -8   -18 
  |   121   |   0   |   0  0  0  1  0   |     57    49    -3   -11  -183  -191   -63   -71   -63   -71   |   1   ||    61  |   0  0  0  1  1   |    197   217    27   -13   -23 
  |   121   |   0   |   0  0  0  1  0   |     62    54     2    -6  -178  -186   -68   -76   -58   -66   |   1   ||    61  |   0  0  0  1  1   |    202   222    32   -18   -28 
  |   122   |   0   |   0  0  0  0  1   |     67    59     7    -1  -173  -181   -73   -81   -53   -61   |   1   ||    61  |   0  0  0  0  1   |    207   227    37   -13   -33 
  |   122   |   0   |   0  0  0  0  1   |     72    64    12     4  -168  -176   -68   -76   -58   -66   |   1   ||    61  |   0  0  0  0  1   |    212   232    42    -8   -38 
  |   123   |   1   |   0  0  0  0  0   |     77    69    17     9  -163  -171   -63   -71   -63   -71   |   1   ||    62  |   1  0  0  0  0   |    207   237    47    -3   -33 
  |   123   |   1   |   0  0  0  0  0   |     82    74    22    14  -158  -166   -58   -66   -58   -66   |   1   ||    62  |   1  0  0  0  0   |    202   242    52     2   -28 
  |   124   |   1   |   1  0  0  0  0   |     87    79    27    19  -153  -161   -53   -61   -53   -61   |   1   ||    62  |   1  1  0  0  0   |    197   237    57     7   -23 
  |   124   |   1   |   1  0  0  0  0   |     82    74    32    24  -148  -156   -48   -56   -48   -56   |   1   ||    62  |   1  1  0  0  0   |    192   232    62    12   -18 
  |   125   |   0   |   1  1  0  0  0   |     77    69    37    29  -143  -151   -43   -51   -43   -51   |   1   ||    63  |   1  1  1  0  0   |    187   227    57    17   -13 
  |   125   |   0   |   1  1  0  0  0   |     72    64    32    24  -138  -146   -38   -46   -38   -46   |   1   ||    63  |   1  1  1  0  0   |    182   222    52    22    -8 
  |   126   |   1   |   0  1  1  0  0   |     67    59    27    19  -133  -141   -33   -41   -33   -41   |   1   ||    63  |   1  1  1  0  0   |    177   217    47    27    -3 
  |   126   |   1   |   0  1  1  0  0   |     72    64    22    14  -138  -146   -28   -36   -28   -36   |   1   ||    63  |   1  1  1  1  0   |    172   212    42    22     2 
  |   126   |   1   |   0  1  1  0  0   |     77    69    17     9  -143  -151   -23   -31   -23   -31   |   1   ||    63  |   1  1  1  1  0   |    167   207    37    17     7 
  |   127   |   1   |   1  0  1  1  0   |     72    64    22    14  -138  -146   -28   -36   -28   -36   |   1   ||    64  |   1  1  1  1  1   |    172   212    42    22    12 
  |   127   |   1   |   1  0  1  1  0   |     77    69    17     9  -133  -141   -23   -31   -33   -41   |   1   ||    64  |   1  1  1  1  1   |    177   217    47    27    17 
  |   128   |   1   |   1  1  0  1  1   |     82    74    12     4  -128  -136   -18   -26   -38   -46   |   1   ||    64  |   1  1  1  1  1   |    182   222    52    32    22 
  |   128   |   1   |   1  1  0  1  1   |     87    79    17     9  -133  -141   -13   -21   -33   -41   |   1   ||    64  |   1  1  1  1  1   |    187   227    57    37    27 
  |   129   |   1   |   1  1  1  0  1   |     92    84    22    14  -138  -146    -8   -16   -28   -36   |   1   ||    65  |   0  1  1  1  1   |    182   232    62    42    32 
  |   129   |   1   |   1  1  1  0  1   |     97    89    27    19  -133  -141   -13   -21   -23   -31   |   1   ||    65  |   0  1  1  1  1   |    177   237    67    47    37 
  |   130   |   1   |   1  1  1  1  0   |    102    94    32    24  -128  -136   -18   -26   -18   -26   |   1   ||    65  |   0  0  1  1  1   |    172   232    72    52    42 
  |   130   |   1   |   1  1  1  1  0   |    107    99    37    29  -123  -131   -13   -21   -23   -31   |   1   ||    65  |   0  0  1  1  1   |    167   227    77    57    47 
  |   131   |   1   |   1  1  1  1  1   |    112   104    42    34  -118  -126    -8   -16   -28   -36   |   1   ||    66  |   0  0  0  1  1   |    162   222    72    62    52 
  |   131   |   1   |   1  1  1  1  1   |    117   109    47    39  -113  -121    -3   -11   -23   -31   |   1   ||    66  |   0  0  0  1  1   |    157   217    67    67    57 
  |   132   |   0   |   1  1  1  1  1   |    122   114    52    44  -108  -116     2    -6   -18   -26   |   1   ||    66  |   0  0  0  1  1   |    152   212    62    72    62 
  |   132   |   0   |   1  1  1  1  1   |    127   119    57    49  -103  -111     7    -1   -13   -21   |   1   ||    66  |   0  0  0  0  1   |    147   207    57    67    67 
  |   132   |   0   |   1  1  1  1  1   |    132   124    62    54   -98  -106    12     4    -8   -16   |   1   ||    66  |   0  0  0  0  1   |    142   202    52    62    72 
  |   133   |   0   |   0  1  1  1  1   |    127   119    57    49  -103  -111     7    -1   -13   -21   |   1   ||    67  |   0  0  0  0  0   |    147   207    57    67    77 
  |   133   |   0   |   0  1  1  1  1   |    132   124    52    44  -108  -116     2    -6   -18   -26   |   1   ||    67  |   0  0  0  0  0   |    152   212    62    72    82 
  |   134   |   1   |   0  0  1  1  1   |    137   129    47    39  -113  -121    -3   -11   -23   -31   |   1   ||    67  |   0  0  0  0  0   |    157   217    67    77    87 
  |   134   |   1   |   0  0  1  1  1   |    142   134    52    44  -118  -126    -8   -16   -28   -36   |   1   ||    67  |   0  0  0  0  0   |    162   222    72    82    92 
  |   135   |   1   |   1  0  0  1  1   |    137   129    47    39  -113  -121    -3   -11   -23   -31   |   1   ||    68  |   1  0  0  0  0   |    167   217    67    77    87 
  |   135   |   1   |   1  0  0  1  1   |    142   134    42    34  -118  -126     2    -6   -18   -26   |   1   ||    68  |   1  0  0  0  0   |    172   212    62    72    82 
  |   136   |   0   |   1  1  0  0  1   |    147   139    37    29  -123  -131     7    -1   -13   -21   |   1   ||    68  |   1  1  0  0  0   |    177   217    57    67    77 
  |   136   |   0   |   1  1  0  0  1   |    152   144    42    34  -128  -136     2    -6    -8   -16   |   1   ||    68  |   1  1  0  0  0   |    182   222    52    62    72 
  |   137   |   0   |   0  1  1  0  0   |    157   149    47    39  -133  -141    -3   -11    -3   -11   |   1   ||    69  |   0  1  1  0  0   |    177   227    57    57    67 
  |   137   |   0   |   0  1  1  0  0   |    152   144    52    44  -128  -136    -8   -16    -8   -16   |   1   ||    69  |   0  1  1  0  0   |    172   232    62    52    62 
  |   138   |   0   |   0  0  1  1  0   |    147   139    57    49  -123  -131   -13   -21   -13   -21   |   1   ||    69  |   0  0  1  1  0   |    167   227    67    57    57 
  |   138   |   0   |   0  0  1  1  0   |    142   134    52    44  -118  -126    -8   -16   -18   -26   |   1   ||    69  |   0  0  1  1  0   |    162   222    72    62    52 
  |   139   |   0   |   0  0  0  1  1   |    137   129    47    39  -113  -121    -3   -11   -23   -31   |   1   ||    69  |   0  0  1  1  0   |    157   217    77    67    47 
  |   139   |   0   |   0  0  0  1  1   |    132   124    42    34  -118  -126     2    -6   -18   -26   |   1   ||    70  |   0  0  0  1  1   |    152   212    72    72    52 
  |   139   |   0   |   0  0  0  1  1   |    127   119    37    29  -123  -131     7    -1   -13   -21   |   1   ||    70  |   0  0  0  1  1   |    147   207    67    77    57 
  |   140   |   1   |   0  0  0  0  1   |    122   114    32    24  -128  -136    12     4    -8   -16   |   1   ||    70  |   0  0  0  0  1   |    142   202    62    72    62 
  |   140   |   1   |   0  0  0  0  1   |    117   109    27    19  -133  -141     7    -1    -3   -11   |   1   ||    70  |   0  0  0  0  1   |    137   197    57    67    67 
  |   141   |   0   |   1  0  0  0  0   |    112   104    22    14  -138  -146     2    -6     2    -6   |   1   ||    71  |   0  0  0  0  0   |    132   192    52    62    62 
  |   141   |   0   |   1  0  0  0  0   |    117   109    17     9  -143  -151    -3   -11    -3   -11   |   1   ||    71  |   0  0  0  0  0   |    127   187    47    57    57 
  |   142   |   0   |   0  1  0  0  0   |    122   114    12     4  -148  -156    -8   -16    -8   -16   |   1   ||    71  |   0  0  0  0  0   |    122   182    42    52    52 
  |   142   |   0   |   0  1  0  0  0   |    117   109    17     9  -153  -161   -13   -21   -13   -21   |   1   ||    71  |   0  0  0  0  0   |    117   177    37    47    47 
  |   143   |   0   |   0  0  1  0  0   |    112   104    22    14  -158  -166   -18   -26   -18   -26   |   1   ||    72  |   0  0  0  0  0   |    112   172    32    42    42 
  |   143   |   0   |   0  0  1  0  0   |    107    99    17     9  -153  -161   -23   -31   -23   -31   |   1   ||    72  |   0  0  0  0  0   |    107   167    27    37    37 
  |   144   |   1   |   0  0  0  1  0   |    102    94    12     4  -148  -156   -28   -36   -28   -36   |   1   ||    72  |   0  0  0  0  0   |    102   162    22    32    32 
  |   144   |   1   |   0  0  0  1  0   |     97    89     7    -1  -153  -161   -23   -31   -33   -41   |   1   ||    72  |   0  0  0  0  0   |     97   157    17    27    27 
  |   145   |   1   |   1  0  0  0  1   |     92    84     2    -6  -158  -166   -18   -26   -38   -46   |   1   ||    73  |   0  0  0  0  0   |     92   152    12    22    22 
  |   145   |   1   |   1  0  0  0  1   |     87    79     7    -1  -153  -161   -13   -21   -43   -51   |   1   ||    73  |   0  0  0  0  0   |     97   157    17    27    27 
  |   146   |   0   |   1  1  0  0  0   |     82    74    12     4  -148  -156    -8   -16   -48   -56   |   1   ||    73  |   0  0  0  0  0   |    102   162    22    32    32 
  |   146   |   0   |   1  1  0  0  0   |     77    69     7    -1  -143  -151    -3   -11   -43   -51   |   1   ||    73  |   0  0  0  0  0   |    107   167    27    37    37 
  |   146   |   0   |   1  1  0  0  0   |     72    64     2    -6  -138  -146     2    -6   -38   -46   |   1   ||    73  |   0  0  0  0  0   |    112   172    32    42    42 
  |   147   |   1   |   0  1  1  0  0   |     67    59    -3   -11  -133  -141     7    -1   -33   -41   |   1   ||    74  |   1  0  0  0  0   |    107   177    37    47    47 
  |   147   |   1   |   0  1  1  0  0   |     72    64    -8   -16  -138  -146    12     4   -28   -36   |   1   ||    74  |   1  0  0  0  0   |    102   182    42    52    52 
  |   148   |   0   |   1  0  1  1  0   |     77    69   -13   -21  -143  -151    17     9   -23   -31   |   1   ||    74  |   1  1  0  0  0   |     97   177    47    57    57 
  |   148   |   0   |   1  0  1  1  0   |     72    64    -8   -16  -148  -156    12     4   -18   -26   |   1   ||    74  |   1  1  0  0  0   |     92   172    52    62    62 
  |   149   |   1   |   0  1  0  1  1   |     67    59    -3   -11  -153  -161     7    -1   -13   -21   |   1   ||    75  |   1  1  1  0  0   |     87   167    47    67    67 
  |   149   |   1   |   0  1  0  1  1   |     72    64    -8   -16  -148  -156     2    -6   -18   -26   |   1   ||    75  |   1  1  1  0  0   |     82   162    42    72    72 
  |   150   |   0   |   1  0  1  0  1   |     77    69   -13   -21  -143  -151    -3   -11   -23   -31   |   1   ||    75  |   1  1  1  1  0   |     77   157    37    67    77 
  |   150   |   0   |   1  0  1  0  1   |     72    64    -8   -16  -148  -156     2    -6   -28   -36   |   1   ||    75  |   1  1  1  1  0   |     72   152    32    62    82 
  |   151   |   0   |   0  1  0  1  0   |     67    59    -3   -11  -153  -161     7    -1   -33   -41   |   1   ||    76  |   1  1  1  1  1   |     67   147    27    57    77 
  |   151   |   0   |   0  1  0  1  0   |     62    54     2    -6  -158  -166    12     4   -38   -46   |   1   ||    76  |   1  1  1  1  1   |     72   152    32    62    82 
  |   152   |   1   |   0  0  1  0  1   |     57    49     7    -1  -163  -171    17     9   -43   -51   |   1   ||    76  |   1  1  1  1  1   |     77   157    37    67    87 
  |   152   |   1   |   0  0  1  0  1   |     52    44     2    -6  -158  -166    12     4   -38   -46   |   1   ||    76  |   1  1  1  1  1   |     82   162    42    72    92 
  |   152   |   1   |   0  0  1  0  1   |     47    39    -3   -11  -153  -161     7    -1   -33   -41   |   1   ||    76  |   1  1  1  1  1   |     87   167    47    77    97 
  |   153   |   1   |   1  0  0  1  0   |     52    44     2    -6  -158  -166    12     4   -38   -46   |   1   ||    77  |   0  1  1  1  1   |     92   162    42    72    92 
  |   153   |   1   |   1  0  0  1  0   |     47    39     7    -1  -153  -161     7    -1   -33   -41   |   1   ||    77  |   0  1  1  1  1   |     97   157    37    67    87 
  |   154   |   0   |   1  1  0  0  1   |     42    34    12     4  -148  -156     2    -6   -28   -36   |   1   ||    77  |   0  0  1  1  1   |    102   162    32    62    82 
  |   154   |   0   |   1  1  0  0  1   |     37    29     7    -1  -143  -151     7    -1   -33   -41   |   1   ||    77  |   0  0  1  1  1   |    107   167    27    57    77 
  |   155   |   0   |   0  1  1  0  0   |     42    34    12     4  -148  -156     2    -6   -28   -36   |   1   ||    78  |   1  0  0  1  1   |    112   162    22    62    82 
  |   155   |   0   |   0  1  1  0  0   |     37    29    17     9  -143  -151    -3   -11   -33   -41   |   1   ||    78  |   1  0  0  1  1   |    117   157    17    67    87 
  |   156   |   0   |   0  0  1  1  0   |     32    24    22    14  -138  -146    -8   -16   -38   -46   |   1   ||    78  |   1  1  0  0  1   |    122   162    12    62    92 
  |   156   |   0   |   0  0  1  1  0   |     27    19    17     9  -133  -141    -3   -11   -43   -51   |   1   ||    78  |   1  1  0  0  1   |    127   167     7    57    97 
  |   157   |   0   |   0  0  0  1  1   |     22    14    12     4  -128  -136     2    -6   -48   -56   |   1   ||    79  |   0  1  1  0  0   |    122   172    12    52    92 
  |   157   |   0   |   0  0  0  1  1   |     17     9     7    -1  -133  -141     7    -1   -43   -51   |   1   ||    79  |   0  1  1  0  0   |    117   177    17    47    87 
  |   158   |   1   |   0  0  0  0  1   |     12     4     2    -6  -138  -146    12     4   -38   -46   |   1   ||    79  |   0  0  1  1  0   |    112   172    22    52    82 
  |   158   |   1   |   0  0  0  0  1   |      7    -1    -3   -11  -143  -151     7    -1   -33   -41   |   1   ||    79  |   0  0  1  1  0   |    107   167    27    57    77 
  |   159   |   1   |   1  0  0  0  0   |      2    -6    -8   -16  -148  -156     2    -6   -28   -36   |   1   ||    79  |   0  0  1  1  0   |    102   162    32    62    72 
  |   159   |   1   |   1  0  0  0  0   |     -3   -11    -3   -11  -143  -151     7    -1   -23   -31   |   1   ||    80  |   0  0  0  1  1   |    107   167    37    57    67 
  |   159   |   1   |   1  0  0  0  0   |     -8   -16     2    -6  -138  -146    12     4   -18   -26   |   1   ||    80  |   0  0  0  1  1   |    112   172    42    52    62 
  |   160   |   1   |   1  1  0  0  0   |    -13   -21     7    -1  -133  -141    17     9   -13   -21   |   1   ||    80  |   0  0  0  0  1   |    117   177    47    57    57 
  |   160   |   1   |   1  1  0  0  0   |    -18   -26     2    -6  -128  -136    22    14    -8   -16   |   1   ||    80  |   0  0  0  0  1   |    122   182    52    62    52 
  |   161   |   1   |   1  1  1  0  0   |    -13   -21     7    -1  -133  -141    17     9   -13   -21   |   1   ||    81  |   1  0  0  0  0   |    127   177    47    57    47 
  |   161   |   1   |   1  1  1  0  0   |     -8   -16    12     4  -128  -136    12     4   -18   -26   |   1   ||    81  |   1  0  0  0  0   |    132   172    42    52    42 
  |   162   |   0   |   1  1  1  1  0   |     -3   -11    17     9  -123  -131     7    -1   -23   -31   |   1   ||    81  |   1  1  0  0  0   |    137   177    37    47    37 
  |   162   |   0   |   1  1  1  1  0   |      2    -6    22    14  -118  -126    12     4   -28   -36   |   1   ||    81  |   1  1  0  0  0   |    142   182    32    42    32 
  |   163   |   0   |   0  1  1  1  1   |     -3   -11    17     9  -123  -131     7    -1   -23   -31   |   1   ||    82  |   0  1  1  0  0   |    147   177    27    47    37 
  |   163   |   0   |   0  1  1  1  1   |      2    -6    12     4  -128  -136     2    -6   -28   -36   |   1   ||    82  |   0  1  1  0  0   |    152   172    22    52    42 
  |   164   |   0   |   0  0  1  1  1   |      7    -1     7    -1  -133  -141    -3   -11   -33   -41   |   1   ||    82  |   0  0  1  1  0   |    157   177    17    47    47 
  |   164   |   0   |   0  0  1  1  1   |     12     4    12     4  -138  -146    -8   -16   -38   -46   |   1   ||    82  |   0  0  1  1  0   |    162   182    12    42    52 
  |   165   |   0   |   0  0  0  1  1   |     17     9    17     9  -143  -151   -13   -21   -43   -51   |   1   ||    83  |   1  0  0  1  1   |    157   187    17    37    47 
  |   165   |   0   |   0  0  0  1  1   |     22    14    22    14  -138  -146   -18   -26   -48   -56   |   1   ||    83  |   1  0  0  1  1   |    152   192    22    32    42 
  |   166   |   1   |   0  0  0  0  1   |     27    19    27    19  -133  -141   -23   -31   -53   -61   |   1   ||    83  |   1  0  0  1  1   |    147   197    27    27    37 
  |   166   |   1   |   0  0  0  0  1   |     32    24    32    24  -128  -136   -18   -26   -58   -66   |   1   ||    83  |   1  1  0  0  1   |    142   192    32    32    32 
  |   166   |   1   |   0  0  0  0  1   |     37    29    37    29  -123  -131   -13   -21   -63   -71   |   1   ||    83  |   1  1  0  0  1   |    137   187    37    37    27 
  |   167   |   1   |   1  0  0  0  0   |     32    24    32    24  -128  -136   -18   -26   -58   -66   |   1   ||    84  |   1  1  1  0  0   |    142   192    42    32    22 
  |   167   |   1   |   1  0  0  0  0   |     37    29    27    19  -133  -141   -23   -31   -63   -71   |   1   ||    84  |   1  1  1  0  0   |    147   197    47    27    17 
  |   168   |   0   |   1  1  0  0  0   |     42    34    22    14  -138  -146   -28   -36   -68   -76   |   1   ||    84  |   1  1  1  1  0   |    152   202    52    32    12 
  |   168   |   0   |   1  1  0  0  0   |     47    39    27    19  -143  -151   -33   -41   -73   -81   |   1   ||    84  |   1  1  1  1  0   |    157   207    57    37     7 
  |   169   |   1   |   0  1  1  0  0   |     42    34    22    14  -138  -146   -28   -36   -68   -76   |   1   ||    85  |   0  1  1  1  1   |    162   202    52    32     2 
  |   169   |   1   |   0  1  1  0  0   |     47    39    17     9  -143  -151   -23   -31   -63   -71   |   1   ||    85  |   0  1  1  1  1   |    167   197    47    27    -3 
  |   170   |   0   |   1  0  1  1  0   |     52    44    12     4  -148  -156   -18   -26   -58   -66   |   1   ||    85  |   0  0  1  1  1   |    172   202    42    22    -8 
  |   170   |   0   |   1  0  1  1  0   |     47    39    17     9  -153  -161   -23   -31   -53   -61   |   1   ||    85  |   0  0  1  1  1   |    177   207    37    17   -13 
  |   171   |   1   |   0  1  0  1  1   |     42    34    22    14  -158  -166   -28   -36   -48   -56   |   1   ||    86  |   1  0  0  1  1   |    172   212    42    12   -18 
  |   171   |   1   |   0  1  0  1  1   |     37    29    27    19  -163  -171   -23   -31   -43   -51   |   1   ||    86  |   1  0  0  1  1   |    177   207    37    17   -13 
  |   172   |   0   |   1  0  1  0  1   |     32    24    32    24  -168  -176   -18   -26   -38   -46   |   1   ||    86  |   1  0  0  1  1   |    182   202    32    22    -8 
  |   172   |   0   |   1  0  1  0  1   |     37    29    27    19  -163  -171   -23   -31   -33   -41   |   1   ||    86  |   1  1  0  0  1   |    187   207    27    17    -3 
  |   172   |   0   |   1  0  1  0  1   |     42    34    22    14  -158  -166   -28   -36   -28   -36   |   1   ||    86  |   1  1  0  0  1   |    192   212    22    12     2 
  |   173   |   0   |   0  1  0  1  0   |     37    29    27    19  -163  -171   -23   -31   -33   -41   |   1   ||    87  |   0  1  1  0  0   |    197   207    17    17     7 
  |   173   |   0   |   0  1  0  1  0   |     42    34    22    14  -158  -166   -28   -36   -28   -36   |   1   ||    87  |   0  1  1  0  0   |    202   202    12    22    12 
  |   174   |   1   |   0  0  1  0  1   |     47    39    17     9  -153  -161   -33   -41   -23   -31   |   1   ||    87  |   0  0  1  1  0   |    207   207     7    17    17 
  |   174   |   1   |   0  0  1  0  1   |     52    44    22    14  -158  -166   -28   -36   -28   -36   |   1   ||    87  |   0  0  1  1  0   |    212   212     2    12    22 
  |   175   |   0   |   1  0  0  1  0   |     57    49    27    19  -163  -171   -23   -31   -33   -41   |   1   ||    88  |   1  0  0  1  1   |    207   217     7     7    17 
  |   175   |   0   |   1  0  0  1  0   |     52    44    32    24  -158  -166   -28   -36   -28   -36   |   1   ||    88  |   1  0  0  1  1   |    202   222    12     2    12 
  |   176   |   0   |   0  1  0  0  1   |     47    39    37    29  -153  -161   -33   -41   -23   -31   |   1   ||    88  |   1  1  0  0  1   |    197   217    17     7     7 
  |   176   |   0   |   0  1  0  0  1   |     52    44    32    24  -148  -156   -28   -36   -28   -36   |   1   ||    88  |   1  1  0  0  1   |    192   212    22    12     2 
  |   177   |   1   |   0  0  1  0  0   |     57    49    27    19  -143  -151   -23   -31   -33   -41   |   1   ||    89  |   1  1  1  0  0   |    187   207    17    17     7 
  |   177   |   1   |   0  0  1  0  0   |     52    44    22    14  -138  -146   -28   -36   -38   -46   |   1   ||    89  |   1  1  1  0  0   |    192   212    22    12     2 
  |   178   |   0   |   1  0  0  1  0   |     47    39    17     9  -133  -141   -33   -41   -43   -51   |   1   ||    89  |   1  1  1  1  0   |    197   217    27    17    -3 
  |   178   |   0   |   1  0  0  1  0   |     52    44    12     4  -138  -146   -28   -36   -48   -56   |   1   ||    89  |   1  1  1  1  0   |    202   222    32    22    -8 
  |   179   |   0   |   0  1  0  0  1   |     57    49     7    -1  -143  -151   -23   -31   -53   -61   |   1   ||    89  |   1  1  1  1  0   |    207   227    37    27   -13 
  |   179   |   0   |   0  1  0  0  1   |     52    44    12     4  -148  -156   -28   -36   -48   -56   |   1   ||    90  |   0  1  1  1  1   |    202   232    42    32    -8 
  |   179   |   0   |   0  1  0  0  1   |     47    39    17     9  -153  -161   -33   -41   -43   -51   |   1   ||    90  |   0  1  1  1  1   |    197   237    47    37    -3 
  |   180   |   1   |   0  0  1  0  0   |     42    34    22    14  -158  -166   -38   -46   -38   -46   |   1   ||    90  |   0  0  1  1  1   |    192   232    52    42     2 
  |   180   |   1   |   0  0  1  0  0   |     37    29    17     9  -153  -161   -43   -51   -43   -51   |   1   ||    90  |   0  0  1  1  1   |    187   227    57    47     7 
  |   181   |   1   |   1  0  0  1  0   |     32    24    12     4  -148  -156   -48   -56   -48   -56   |   1   ||    91  |   0  0  0  1  1   |    182   222    52    52    12 
  |   181   |   1   |   1  0  0  1  0   |     37    29     7    -1  -153  -161   -43   -51   -53   -61   |   1   ||    91  |   0  0  0  1  1   |    177   217    47    57    17 
  |   182   |   1   |   1  1  0  0  1   |     42    34     2    -6  -158  -166   -38   -46   -58   -66   |   1   ||    91  |   0  0  0  0  1   |    172   212    42    52    22 
  |   182   |   1   |   1  1  0  0  1   |     47    39     7    -1  -163  -171   -43   -51   -53   -61   |   1   ||    91  |   0  0  0  0  1   |    167   207    37    47    27 
  |   183   |   0   |   1  1  1  0  0   |     52    44    12     4  -168  -176   -48   -56   -48   -56   |   1   ||    92  |   0  0  0  0  0   |    162   202    32    42    22 
  |   183   |   0   |   1  1  1  0  0   |     47    39     7    -1  -173  -181   -43   -51   -43   -51   |   1   ||    92  |   0  0  0  0  0   |    167   207    37    47    27 
  |   184   |   0   |   0  1  1  1  0   |     42    34     2    -6  -178  -186   -38   -46   -38   -46   |   1   ||    92  |   0  0  0  0  0   |    172   212    42    52    32 
  |   184   |   0   |   0  1  1  1  0   |     47    39    -3   -11  -183  -191   -43   -51   -33   -41   |   1   ||    92  |   0  0  0  0  0   |    177   217    47    57    37 
  |   185   |   0   |   0  0  1  1  1   |     52    44    -8   -16  -188  -196   -48   -56   -28   -36   |   1   ||    92  |   0  0  0  0  0   |    182   222    52    62    42 
errors: 398
--
DONE
