----------------
prog start
hv ver: 3.13
accu test 
	 code_len = 1023, chip_div = 2, spacing_len = 1, pcode[0] = 0x23C495A7 
	 code_ctrl = 0x040003FE
  |     0   |   1   |   0  0  0  0  0   |     -7     1    -7     1    -7     1    -7     1    -7     1   |   1   ||  1021  |   0  0  0  0  0   |     -3    -3    -3    -3    -3   |   0   |  --
  |     0   |   1   |   0  0  0  0  0   |    -12    -4   -12    -4   -12    -4   -12    -4   -12    -4   |   0   ||  1021  |   0  0  0  0  0   |     -7    -7    -7    -7    -7   |   0   |  --
  |     0   |   1   |   0  0  0  0  0   |    -17    -9   -17    -9   -17    -9   -17    -9   -17    -9   |   0   ||  1021  |   0  0  0  0  0   |    -12   -12   -12   -12   -12   |   0   |  ERR
  |     0   |   1   |   0  0  0  0  0   |    -22   -14   -22   -14   -22   -14   -22   -14   -22   -14   |   0   ||  1021  |   0  0  0  0  0   |    -17   -17   -17   -17   -17   |   0   |  ERR
  |     1   |   1   |   1  0  0  0  0   |    -17    -9   -17    -9   -17    -9   -17    -9   -17    -9   |   0   ||  1022  |   1  0  0  0  0   |    -22   -22   -22   -22   -22   |   0   |  ERR
  |     1   |   1   |   1  0  0  0  0   |    -22   -14   -12    -4   -12    -4   -12    -4   -12    -4   |   0   ||  1022  |   1  0  0  0  0   |    -27   -17   -17   -17   -17   |   1   |  ERR
  |     2   |   1   |   1  1  0  0  0   |    -27   -19    -7     1    -7     1    -7     1    -7     1   |   1   ||  1022  |   1  1  0  0  0   |    -32   -12   -12   -12   -12   |   0   |  ERR
  |     2   |   1   |   1  1  0  0  0   |    -32   -24   -12    -4    -2     6    -2     6    -2     6   |   0   ||  1022  |   1  1  0  0  0   |    -37   -17    -7    -7    -7   |   1   |  ERR
  |     3   |   0   |   1  1  1  0  0   |    -37   -29   -17    -9     3    11     3    11     3    11   |   1   ||     0  |   1  1  1  0  0   |    -42   -22    -2    -2    -2   |   0   |  ERR
  |     3   |   0   |   1  1  1  0  0   |    -42   -34   -22   -14    -2     6     8    16     8    16   |   0   ||     0  |   1  1  1  0  0   |     -5    -5    -5     5     5   |   1   |  ERR
  |     4   |   0   |   0  1  1  1  0   |    -47   -39   -27   -19    -7     1    13    21    13    21   |   1   ||     0  |   1  1  1  1  0   |    -10   -10   -10    10    10   |   0   |  ERR
  |     4   |   0   |   0  1  1  1  0   |    -42   -34   -32   -24   -12    -4     8    16    18    26   |   0   ||     0  |   1  1  1  1  0   |    -15   -15   -15     5    15   |   0   |  ERR
  |     5   |   1   |   0  0  1  1  1   |    -47   -39   -27   -19    -7     1    13    21    13    21   |   0   ||     1  |   1  1  1  1  1   |    -20   -20   -20     0    20   |   0   |  ERR
  |     5   |   1   |   0  0  1  1  1   |    -52   -44   -32   -24    -2     6    18    26    18    26   |   0   ||     1  |   1  1  1  1  1   |    -15   -15   -15     5    25   |   1   |  ERR
  |     6   |   0   |   1  0  0  1  1   |    -57   -49   -37   -29     3    11    23    31    23    31   |   1   ||     1  |   1  1  1  1  1   |    -10   -10   -10    10    30   |   1   |  ERR
  |     6   |   0   |   1  0  0  1  1   |    -52   -44   -42   -34    -2     6    28    36    28    36   |   1   ||     1  |   1  1  1  1  1   |     -5    -5    -5    15    35   |   0   |  ERR
  |     6   |   0   |   1  0  0  1  1   |    -47   -39   -47   -39    -7     1    33    41    33    41   |   0   ||     1  |   1  1  1  1  1   |      0     0     0    20    40   |   0   |  ERR
  |     7   |   1   |   0  1  0  0  1   |    -42   -34   -52   -44   -12    -4    38    46    38    46   |   0   ||     2  |   1  1  1  1  1   |      5     5     5    25    45   |   1   |  ERR
  |     7   |   1   |   0  1  0  0  1   |    -47   -39   -47   -39   -17    -9    33    41    43    51   |   1   ||     2  |   1  1  1  1  1   |     10    10    10    30    50   |   0   |  ERR
  |     8   |   1   |   1  0  1  0  0   |    -52   -44   -42   -34   -22   -14    28    36    48    56   |   0   ||     2  |   1  1  1  1  1   |     15    15    15    35    55   |   1   |  ERR
  |     8   |   1   |   1  0  1  0  0   |    -47   -39   -47   -39   -17    -9    23    31    43    51   |   1   ||     2  |   1  1  1  1  1   |     20    20    20    40    60   |   1   |  ERR
  |     9   |   0   |   1  1  0  1  0   |    -52   -44   -42   -34   -22   -14    28    36    48    56   |   1   ||     3  |   0  1  1  1  1   |     25    25    25    45    65   |   1   |  ERR
  |     9   |   0   |   1  1  0  1  0   |    -57   -49   -47   -39   -17    -9    23    31    53    61   |   1   ||     3  |   0  1  1  1  1   |     30    20    20    40    60   |   1   |  ERR
  |    10   |   1   |   0  1  1  0  1   |    -62   -54   -52   -44   -12    -4    18    26    58    66   |   1   ||     3  |   0  0  1  1  1   |     35    15    15    35    55   |   1   |  ERR
  |    10   |   1   |   0  1  1  0  1   |    -57   -49   -57   -49   -17    -9    23    31    53    61   |   1   ||     3  |   0  0  1  1  1   |     40    20    10    30    50   |   1   |  ERR
  |    11   |   0   |   1  0  1  1  0   |    -62   -54   -52   -44   -12    -4    18    26    58    66   |   1   ||     4  |   0  0  0  1  1   |     45    25     5    25    45   |   0   |  ERR
  |    11   |   0   |   1  0  1  1  0   |    -57   -49   -57   -49    -7     1    23    31    53    61   |   0   ||     4  |   0  0  0  1  1   |     40    20     0    30    50   |   0   |  ERR
  |    12   |   1   |   0  1  0  1  1   |    -52   -44   -62   -54    -2     6    28    36    48    56   |   0   ||     4  |   0  0  0  0  1   |     35    15    -5    35    55   |   1   |  ERR
  |    12   |   1   |   0  1  0  1  1   |    -57   -49   -57   -49    -7     1    33    41    53    61   |   1   ||     4  |   0  0  0  0  1   |     30    10   -10    30    60   |   1   |  ERR
  |    13   |   0   |   1  0  1  0  1   |    -62   -54   -52   -44   -12    -4    38    46    58    66   |   1   ||     4  |   0  0  0  0  1   |     25     5   -15    25    65   |   1   |  ERR
  |    13   |   0   |   1  0  1  0  1   |    -67   -59   -47   -39   -17    -9    43    51    53    61   |   1   ||     5  |   1  0  0  0  0   |     20     0   -20    20    70   |   0   |  ERR
  |    13   |   0   |   1  0  1  0  1   |    -72   -64   -42   -34   -22   -14    48    56    48    56   |   0   ||     5  |   1  0  0  0  0   |     15     5   -15    25    75   |   1   |  ERR
  |    14   |   0   |   0  1  0  1  0   |    -77   -69   -37   -29   -27   -19    53    61    43    51   |   1   ||     5  |   1  1  0  0  0   |     10    10   -10    30    80   |   1   |  ERR
  |    14   |   0   |   0  1  0  1  0   |    -72   -64   -42   -34   -22   -14    48    56    48    56   |   1   ||     5  |   1  1  0  0  0   |      5     5    -5    35    85   |   1   |  ERR
  |    15   |   1   |   0  0  1  0  1   |    -67   -59   -47   -39   -17    -9    43    51    53    61   |   1   ||     6  |   0  1  1  0  0   |      0     0     0    40    90   |   1   |  ERR
  |    15   |   1   |   0  0  1  0  1   |    -62   -54   -42   -34   -22   -14    48    56    48    56   |   1   ||     6  |   0  1  1  0  0   |      5    -5    -5    45    95   |   1   |  ERR
  |    16   |   0   |   1  0  0  1  0   |    -57   -49   -37   -29   -27   -19    53    61    43    51   |   1   ||     6  |   0  0  1  1  0   |     10   -10   -10    50   100   |   1   |  ERR
  |    16   |   0   |   1  0  0  1  0   |    -62   -54   -32   -24   -22   -14    48    56    48    56   |   1   ||     6  |   0  0  1  1  0   |     15    -5   -15    45   105   |   0   |  ERR
  |    17   |   0   |   0  1  0  0  1   |    -57   -49   -37   -29   -27   -19    53    61    43    51   |   0   ||     7  |   1  0  0  1  1   |     20     0   -20    40   110   |   1   |  ERR
  |    17   |   0   |   0  1  0  0  1   |    -62   -54   -32   -24   -32   -24    48    56    48    56   |   1   ||     7  |   1  0  0  1  1   |     25    -5   -25    45   115   |   0   |  ERR
  |    18   |   1   |   0  0  1  0  0   |    -67   -59   -27   -19   -37   -29    43    51    53    61   |   0   ||     7  |   1  1  0  0  1   |     30   -10   -30    50   120   |   1   |  ERR
  |    18   |   1   |   0  0  1  0  0   |    -72   -64   -32   -24   -32   -24    38    46    48    56   |   1   ||     7  |   1  1  0  0  1   |     35    -5   -35    45   125   |   1   |  ERR
  |    19   |   0   |   1  0  0  1  0   |    -77   -69   -37   -29   -27   -19    33    41    43    51   |   1   ||     7  |   1  1  0  0  1   |     40     0   -40    40   130   |   1   |  ERR
  |    19   |   0   |   1  0  0  1  0   |    -82   -74   -32   -24   -22   -14    28    36    48    56   |   1   ||     8  |   1  1  1  0  0   |     45     5   -45    35   135   |   1   |  ERR
  |    19   |   0   |   1  0  0  1  0   |    -87   -79   -27   -19   -17    -9    23    31    53    61   |   1   ||     8  |   1  1  1  0  0   |     40     0   -50    40   140   |   0   |  ERR
  |    20   |   0   |   0  1  0  0  1   |    -92   -84   -22   -14   -12    -4    18    26    58    66   |   0   ||     8  |   1  1  1  1  0   |     35    -5   -55    45   145   |   1   |  ERR
  |    20   |   0   |   0  1  0  0  1   |    -87   -79   -27   -19    -7     1    23    31    53    61   |   1   ||     8  |   1  1  1  1  0   |     30   -10   -60    40   150   |   0   |  ERR
  |    21   |   0   |   0  0  1  0  0   |    -92   -84   -22   -14   -12    -4    18    26    58    66   |   0   ||     9  |   0  1  1  1  1   |     25   -15   -65    35   155   |   0   |  ERR
  |    21   |   0   |   0  0  1  0  0   |    -97   -89   -27   -19    -7     1    13    21    53    61   |   0   ||     9  |   0  1  1  1  1   |     20   -10   -60    40   160   |   0   |  ERR
  |    22   |   1   |   0  0  0  1  0   |   -102   -94   -32   -24    -2     6     8    16    48    56   |   0   ||     9  |   0  0  1  1  1   |     15    -5   -55    45   165   |   0   |  ERR
  |    22   |   1   |   0  0  0  1  0   |   -107   -99   -37   -29    -7     1    13    21    43    51   |   0   ||     9  |   0  0  1  1  1   |     10   -10   -50    50   170   |   0   |  ERR
  |    23   |   1   |   1  0  0  0  1   |   -102   -94   -32   -24    -2     6     8    16    48    56   |   0   ||    10  |   1  0  0  1  1   |      5   -15   -45    55   175   |   0   |  ERR
  |    23   |   1   |   1  0  0  0  1   |   -107   -99   -27   -19     3    11    13    21    43    51   |   0   ||    10  |   1  0  0  1  1   |      0   -10   -40    50   170   |   0   |  ERR
  |    24   |   1   |   1  1  0  0  0   |   -112  -104   -22   -14     8    16    18    26    38    46   |   0   ||    10  |   1  1  0  0  1   |     -5    -5   -35    45   165   |   0   |  ERR
  |    24   |   1   |   1  1  0  0  0   |   -117  -109   -27   -19    13    21    23    31    43    51   |   0   ||    10  |   1  1  0  0  1   |    -10   -10   -30    50   160   |   0   |  ERR
  |    25   |   1   |   1  1  1  0  0   |   -112  -104   -22   -14     8    16    18    26    38    46   |   0   ||    11  |   0  1  1  0  0   |    -15   -15   -25    55   155   |   0   |  ERR
  |    25   |   1   |   1  1  1  0  0   |   -107   -99   -17    -9    13    21    13    21    33    41   |   0   ||    11  |   0  1  1  0  0   |    -20   -10   -20    50   150   |   0   |  ERR
  |    26   |   0   |   1  1  1  1  0   |   -102   -94   -12    -4    18    26     8    16    28    36   |   0   ||    11  |   0  1  1  0  0   |    -25    -5   -15    45   145   |   0   |  ERR
  |    26   |   0   |   1  1  1  1  0   |    -97   -89    -7     1    23    31    13    21    23    31   |   0   ||    11  |   0  0  1  1  0   |    -30     0   -10    40   140   |   0   |  ERR
  |    26   |   0   |   1  1  1  1  0   |    -92   -84    -2     6    28    36    18    26    18    26   |   0   ||    11  |   0  0  1  1  0   |    -35    -5    -5    45   135   |   0   |  ERR
  |    27   |   0   |   0  1  1  1  1   |    -87   -79     3    11    33    41    23    31    13    21   |   0   ||    12  |   1  0  0  1  1   |    -40   -10     0    50   130   |   0   |  ERR
  |    27   |   0   |   0  1  1  1  1   |    -92   -84     8    16    38    46    28    36    18    26   |   0   ||    12  |   1  0  0  1  1   |    -35   -15    -5    55   135   |   0   |  ERR
  |    28   |   0   |   0  0  1  1  1   |    -97   -89    13    21    43    51    33    41    23    31   |   0   ||    12  |   1  1  0  0  1   |    -30   -20   -10    60   140   |   0   |  ERR
  |    28   |   0   |   0  0  1  1  1   |   -102   -94     8    16    48    56    38    46    28    36   |   0   ||    12  |   1  1  0  0  1   |    -25   -15   -15    55   145   |   0   |  ERR
  |    29   |   1   |   0  0  0  1  1   |    -97   -89    13    21    43    51    33    41    23    31   |   0   ||    13  |   0  1  1  0  0   |    -20   -10   -20    50   150   |   0   |  ERR
  |    29   |   1   |   0  0  0  1  1   |    -92   -84    18    26    48    56    28    36    18    26   |   0   ||    13  |   0  1  1  0  0   |    -15   -15   -25    55   155   |   0   |  ERR
  |    30   |   0   |   1  0  0  0  1   |    -87   -79    23    31    53    61    23    31    13    21   |   0   ||    13  |   0  0  1  1  0   |    -10   -20   -30    60   160   |   0   |  ERR
  |    30   |   0   |   1  0  0  0  1   |    -92   -84    28    36    58    66    28    36     8    16   |   0   ||    13  |   0  0  1  1  0   |     -5   -15   -35    55   165   |   0   |  ERR
  |    31   |   0   |   0  1  0  0  0   |    -87   -79    23    31    53    61    23    31    13    21   |   0   ||    14  |   0  0  0  1  1   |      0   -10   -40    50   170   |   0   |  ERR
  |    31   |   0   |   0  1  0  0  0   |    -92   -84    28    36    48    56    18    26     8    16   |   0   ||    14  |   0  0  0  1  1   |     -5   -15   -45    55   175   |   0   |  ERR
  |    32   |   0   |   0  0  1  0  0   |    -97   -89    33    41    43    51    13    21     3    11   |   0   ||    14  |   0  0  0  0  1   |    -10   -20   -50    60   180   |   0   |  ERR
  |    32   |   0   |   0  0  1  0  0   |   -102   -94    28    36    48    56     8    16    -2     6   |   0   ||    14  |   0  0  0  0  1   |    -15   -25   -55    55   185   |   0   |  ERR
  |    33   |   1   |   0  0  0  1  0   |   -107   -99    23    31    53    61     3    11    -7     1   |   0   ||    14  |   0  0  0  0  1   |    -20   -30   -60    50   190   |   0   |  ERR
  |    33   |   1   |   0  0  0  1  0   |   -112  -104    18    26    48    56     8    16   -12    -4   |   0   ||    15  |   1  0  0  0  0   |    -25   -35   -65    45   195   |   0   |  ERR
  |    33   |   1   |   0  0  0  1  0   |   -117  -109    13    21    43    51    13    21   -17    -9   |   0   ||    15  |   1  0  0  0  0   |    -20   -40   -70    40   190   |   0   |  ERR
  |    34   |   0   |   1  0  0  0  1   |   -122  -114     8    16    38    46    18    26   -22   -14   |   0   ||    15  |   1  1  0  0  0   |    -15   -45   -75    35   185   |   0   |  ERR
  |    34   |   0   |   1  0  0  0  1   |   -117  -109     3    11    33    41    13    21   -17    -9   |   0   ||    15  |   1  1  0  0  0   |    -10   -40   -80    30   180   |   0   |  ERR
  |    35   |   1   |   0  1  0  0  0   |   -122  -114     8    16    38    46    18    26   -22   -14   |   0   ||    16  |   0  1  1  0  0   |     -5   -35   -85    25   175   |   0   |  ERR
  |    35   |   1   |   0  1  0  0  0   |   -117  -109     3    11    43    51    23    31   -17    -9   |   0   ||    16  |   0  1  1  0  0   |      0   -40   -90    30   180   |   0   |  ERR
  |    36   |   0   |   1  0  1  0  0   |   -112  -104    -2     6    48    56    28    36   -12    -4   |   0   ||    16  |   0  0  1  1  0   |      5   -45   -95    35   185   |   0   |  ERR
  |    36   |   0   |   1  0  1  0  0   |   -117  -109     3    11    43    51    33    41    -7     1   |   0   ||    16  |   0  0  1  1  0   |     10   -40  -100    30   190   |   0   |  ERR
  |    37   |   1   |   0  1  0  1  0   |   -112  -104    -2     6    48    56    28    36   -12    -4   |   0   ||    17  |   0  0  0  1  1   |     15   -35  -105    25   195   |   0   |  ERR
  |    37   |   1   |   0  1  0  1  0   |   -117  -109     3    11    43    51    33    41   -17    -9   |   0   ||    17  |   0  0  0  1  1   |     10   -40  -110    30   200   |   0   |  ERR
  |    38   |   1   |   1  0  1  0  1   |   -122  -114     8    16    38    46    38    46   -22   -14   |   0   ||    17  |   0  0  0  0  1   |      5   -45  -115    35   205   |   0   |  ERR
  |    38   |   1   |   1  0  1  0  1   |   -117  -109     3    11    43    51    33    41   -17    -9   |   0   ||    17  |   0  0  0  0  1   |      0   -50  -120    30   210   |   0   |  ERR
  |    39   |   0   |   1  1  0  1  0   |   -112  -104    -2     6    48    56    28    36   -12    -4   |   0   ||    17  |   0  0  0  0  1   |     -5   -55  -125    25   215   |   0   |  ERR
  |    39   |   0   |   1  1  0  1  0   |   -107   -99     3    11    43    51    33    41   -17    -9   |   0   ||    18  |   1  0  0  0  0   |    -10   -60  -130    20   220   |   0   |  ERR
  |    39   |   0   |   1  1  0  1  0   |   -102   -94     8    16    38    46    38    46   -22   -14   |   0   ||    18  |   1  0  0  0  0   |     -5   -65  -135    15   215   |   0   |  ERR
  |    40   |   1   |   0  1  1  0  1   |    -97   -89    13    21    33    41    43    51   -27   -19   |   0   ||    18  |   1  1  0  0  0   |      0   -70  -140    10   210   |   0   |  ERR
  |    40   |   1   |   0  1  1  0  1   |   -102   -94    18    26    38    46    38    46   -22   -14   |   0   ||    18  |   1  1  0  0  0   |      5   -65  -145     5   205   |   0   |  ERR
  |    41   |   0   |   1  0  1  1  0   |   -107   -99    23    31    43    51    33    41   -17    -9   |   0   ||    19  |   0  1  1  0  0   |     10   -60  -150     0   200   |   0   |  ERR
  |    41   |   0   |   1  0  1  1  0   |   -102   -94    18    26    48    56    38    46   -22   -14   |   0   ||    19  |   0  1  1  0  0   |      5   -55  -145    -5   195   |   0   |  ERR
  |    42   |   1   |   0  1  0  1  1   |    -97   -89    13    21    53    61    43    51   -27   -19   |   0   ||    19  |   0  0  1  1  0   |      0   -50  -140   -10   190   |   0   |  ERR
  |    42   |   1   |   0  1  0  1  1   |   -102   -94    18    26    48    56    48    56   -22   -14   |   0   ||    19  |   0  0  1  1  0   |     -5   -55  -135    -5   185   |   0   |  ERR
  |    43   |   1   |   1  0  1  0  1   |    -97   -89    13    21    53    61    43    51   -27   -19   |   0   ||    20  |   0  0  0  1  1   |    -10   -60  -130     0   180   |   0   |  ERR
  |    43   |   1   |   1  0  1  0  1   |   -102   -94    18    26    48    56    48    56   -32   -24   |   0   ||    20  |   0  0  0  1  1   |     -5   -55  -125    -5   175   |   0   |  ERR
  |    44   |   0   |   1  1  0  1  0   |   -107   -99    23    31    43    51    53    61   -37   -29   |   0   ||    20  |   0  0  0  0  1   |      0   -50  -120   -10   170   |   0   |  ERR
  |    44   |   0   |   1  1  0  1  0   |   -112  -104    18    26    48    56    48    56   -32   -24   |   0   ||    20  |   0  0  0  0  1   |      5   -45  -115    -5   165   |   0   |  ERR
  |    45   |   1   |   0  1  1  0  1   |   -117  -109    13    21    53    61    43    51   -27   -19   |   0   ||    21  |   0  0  0  0  0   |     10   -40  -110     0   160   |   0   |  ERR
  |    45   |   1   |   0  1  1  0  1   |   -112  -104     8    16    48    56    48    56   -32   -24   |   0   ||    21  |   0  0  0  0  0   |     15   -35  -105     5   165   |   0   |  ERR
  |    46   |   0   |   1  0  1  1  0   |   -107   -99     3    11    43    51    53    61   -37   -29   |   0   ||    21  |   0  0  0  0  0   |     20   -30  -100    10   170   |   0   |  ERR
  |    46   |   0   |   1  0  1  1  0   |   -112  -104     8    16    38    46    48    56   -32   -24   |   0   ||    21  |   0  0  0  0  0   |     25   -25   -95    15   175   |   0   |  ERR
  |    46   |   0   |   1  0  1  1  0   |   -117  -109    13    21    33    41    43    51   -27   -19   |   0   ||    21  |   0  0  0  0  0   |     30   -20   -90    20   180   |   0   |  ERR
  |    47   |   1   |   0  1  0  1  1   |   -122  -114    18    26    28    36    38    46   -22   -14   |   0   ||    22  |   1  0  0  0  0   |     35   -15   -85    25   185   |   0   |  ERR
  |    47   |   1   |   0  1  0  1  1   |   -117  -109    13    21    33    41    33    41   -27   -19   |   0   ||    22  |   1  0  0  0  0   |     30   -10   -80    30   190   |   0   |  ERR
  |    48   |   0   |   1  0  1  0  1   |   -112  -104     8    16    38    46    28    36   -32   -24   |   0   ||    22  |   1  1  0  0  0   |     25    -5   -75    35   195   |   0   |  ERR
  |    48   |   0   |   1  0  1  0  1   |   -117  -109    13    21    33    41    33    41   -37   -29   |   0   ||    22  |   1  1  0  0  0   |     20   -10   -70    40   200   |   0   |  ERR
  |    49   |   0   |   0  1  0  1  0   |   -122  -114    18    26    28    36    38    46   -42   -34   |   0   ||    23  |   1  1  1  0  0   |     15   -15   -65    45   205   |   0   |  ERR
  |    49   |   0   |   0  1  0  1  0   |   -117  -109    13    21    33    41    33    41   -37   -29   |   0   ||    23  |   1  1  1  0  0   |     10   -20   -70    50   210   |   0   |  ERR
  |    50   |   0   |   0  0  1  0  1   |   -112  -104     8    16    38    46    28    36   -32   -24   |   0   ||    23  |   1  1  1  1  0   |      5   -25   -75    55   215   |   0   |  ERR
  |    50   |   0   |   0  0  1  0  1   |   -107   -99    13    21    33    41    33    41   -37   -29   |   0   ||    23  |   1  1  1  1  0   |      0   -30   -80    50   220   |   0   |  ERR
  |    51   |   0   |   0  0  0  1  0   |   -112  -104     8    16    38    46    28    36   -32   -24   |   0   ||    24  |   1  1  1  1  1   |     -5   -35   -85    45   225   |   0   |  ERR
  |    51   |   0   |   0  0  0  1  0   |   -117  -109     3    11    33    41    33    41   -37   -29   |   0   ||    24  |   1  1  1  1  1   |      0   -30   -80    50   230   |   0   |  ERR
  |    52   |   0   |   0  0  0  0  1   |   -122  -114    -2     6    28    36    38    46   -42   -34   |   0   ||    24  |   1  1  1  1  1   |      5   -25   -75    55   235   |   0   |  ERR
  |    52   |   0   |   0  0  0  0  1   |   -127  -119    -7     1    23    31    33    41   -37   -29   |   0   ||    24  |   1  1  1  1  1   |     10   -20   -70    60   240   |   0   |  ERR
  |    53   |   1   |   0  0  0  0  0   |   -132  -124   -12    -4    18    26    28    36   -32   -24   |   0   ||    24  |   1  1  1  1  1   |     15   -15   -65    65   245   |   0   |  ERR
  |    53   |   1   |   0  0  0  0  0   |   -137  -129   -17    -9    13    21    23    31   -37   -29   |   0   ||    25  |   1  1  1  1  1   |     20   -10   -60    70   250   |   0   |  ERR
  |    53   |   1   |   0  0  0  0  0   |   -142  -134   -22   -14     8    16    18    26   -42   -34   |   0   ||    25  |   1  1  1  1  1   |     25    -5   -55    75   255   |   0   |  ERR
  |    54   |   1   |   1  0  0  0  0   |   -147  -139   -27   -19     3    11    13    21   -47   -39   |   0   ||    25  |   1  1  1  1  1   |     30     0   -50    80   260   |   0   |  ERR
  |    54   |   1   |   1  0  0  0  0   |   -142  -134   -32   -24    -2     6     8    16   -52   -44   |   0   ||    25  |   1  1  1  1  1   |     35     5   -45    85   265   |   0   |  ERR
  |    55   |   0   |   1  1  0  0  0   |   -137  -129   -37   -29    -7     1     3    11   -57   -49   |   0   ||    26  |   0  1  1  1  1   |     40    10   -40    90   270   |   0   |  ERR
  |    55   |   0   |   1  1  0  0  0   |   -132  -124   -32   -24   -12    -4    -2     6   -62   -54   |   0   ||    26  |   0  1  1  1  1   |     35    15   -35    95   275   |   0   |  ERR
  |    56   |   1   |   0  1  1  0  0   |   -127  -119   -27   -19   -17    -9    -7     1   -67   -59   |   0   ||    26  |   0  0  1  1  1   |     30    20   -30   100   280   |   0   |  ERR
  |    56   |   1   |   0  1  1  0  0   |   -132  -124   -22   -14   -12    -4   -12    -4   -72   -64   |   0   ||    26  |   0  0  1  1  1   |     25    15   -25   105   285   |   0   |  ERR
  |    57   |   0   |   1  0  1  1  0   |   -127  -119   -27   -19   -17    -9    -7     1   -67   -59   |   0   ||    27  |   0  0  0  1  1   |     20    10   -20   110   290   |   0   |  ERR
  |    57   |   0   |   1  0  1  1  0   |   -132  -124   -22   -14   -22   -14   -12    -4   -62   -54   |   0   ||    27  |   0  0  0  1  1   |     25    15   -15   105   285   |   0   |  ERR
  |    58   |   0   |   0  1  0  1  1   |   -137  -129   -17    -9   -27   -19   -17    -9   -57   -49   |   0   ||    27  |   0  0  0  0  1   |     30    20   -10   100   280   |   0   |  ERR
  |    58   |   0   |   0  1  0  1  1   |   -132  -124   -22   -14   -22   -14   -22   -14   -62   -54   |   0   ||    27  |   0  0  0  0  1   |     35    25    -5   105   275   |   0   |  ERR
  |    59   |   1   |   0  0  1  0  1   |   -127  -119   -27   -19   -17    -9   -27   -19   -67   -59   |   0   ||    27  |   0  0  0  0  1   |     40    30     0   110   270   |   0   |  ERR
  |    59   |   1   |   0  0  1  0  1   |   -132  -124   -32   -24   -12    -4   -32   -24   -62   -54   |   0   ||    28  |   0  0  0  0  0   |     45    35     5   115   265   |   0   |  ERR
  |    59   |   1   |   0  0  1  0  1   |   -137  -129   -37   -29    -7     1   -37   -29   -57   -49   |   0   ||    28  |   0  0  0  0  0   |     40    30     0   110   260   |   0   |  ERR
  |    60   |   0   |   1  0  0  1  0   |   -142  -134   -42   -34    -2     6   -42   -34   -52   -44   |   0   ||    28  |   0  0  0  0  0   |     35    25    -5   105   255   |   0   |  ERR
  |    60   |   0   |   1  0  0  1  0   |   -137  -129   -47   -39    -7     1   -37   -29   -57   -49   |   0   ||    28  |   0  0  0  0  0   |     30    20   -10   100   250   |   0   |  ERR
  |    61   |   0   |   0  1  0  0  1   |   -132  -124   -52   -44   -12    -4   -32   -24   -62   -54   |   0   ||    29  |   1  0  0  0  0   |     25    15   -15    95   245   |   0   |  ERR
  |    61   |   0   |   0  1  0  0  1   |   -137  -129   -47   -39   -17    -9   -37   -29   -57   -49   |   0   ||    29  |   1  0  0  0  0   |     30    10   -20    90   240   |   0   |  ERR
  |    62   |   1   |   0  0  1  0  0   |   -142  -134   -42   -34   -22   -14   -42   -34   -52   -44   |   0   ||    29  |   1  1  0  0  0   |     35     5   -25    85   235   |   0   |  ERR
  |    62   |   1   |   0  0  1  0  0   |   -147  -139   -47   -39   -17    -9   -47   -39   -57   -49   |   0   ||    29  |   1  1  0  0  0   |     40    10   -30    80   230   |   0   |  ERR
  |    63   |   1   |   1  0  0  1  0   |   -152  -144   -52   -44   -12    -4   -52   -44   -62   -54   |   0   ||    30  |   0  1  1  0  0   |     45    15   -35    75   225   |   0   |  ERR
  |    63   |   1   |   1  0  0  1  0   |   -147  -139   -57   -49   -17    -9   -47   -39   -67   -59   |   0   ||    30  |   0  1  1  0  0   |     40    20   -30    70   220   |   0   |  ERR
  |    64   |   1   |   1  1  0  0  1   |   -142  -134   -62   -54   -22   -14   -42   -34   -72   -64   |   0   ||    30  |   0  0  1  1  0   |     35    25   -25    65   215   |   0   |  ERR
  |    64   |   1   |   1  1  0  0  1   |   -137  -129   -57   -49   -27   -19   -47   -39   -67   -59   |   0   ||    30  |   0  0  1  1  0   |     30    20   -20    70   210   |   0   |  ERR
  |    65   |   0   |   1  1  1  0  0   |   -142  -134   -62   -54   -22   -14   -42   -34   -72   -64   |   0   ||    31  |   0  0  0  1  1   |     25    15   -15    75   205   |   0   |  ERR
  |    65   |   0   |   1  1  1  0  0   |   -147  -139   -67   -59   -27   -19   -37   -29   -67   -59   |   0   ||    31  |   0  0  0  1  1   |     30    20   -10    70   200   |   0   |  ERR
  |    66   |   0   |   0  1  1  1  0   |   -152  -144   -72   -64   -32   -24   -32   -24   -62   -54   |   0   ||    31  |   0  0  0  1  1   |     35    25    -5    65   195   |   0   |  ERR
  |    66   |   0   |   0  1  1  1  0   |   -147  -139   -77   -69   -37   -29   -37   -29   -57   -49   |   0   ||    31  |   0  0  0  0  1   |     40    30     0    60   190   |   0   |  ERR
  |    66   |   0   |   0  1  1  1  0   |   -142  -134   -82   -74   -42   -34   -42   -34   -52   -44   |   0   ||    31  |   0  0  0  0  1   |     45    35     5    65   185   |   0   |  ERR
  |    67   |   0   |   0  0  1  1  1   |   -147  -139   -77   -69   -37   -29   -37   -29   -57   -49   |   0   ||    32  |   0  0  0  0  0   |     50    40    10    70   180   |   0   |  ERR
  |    67   |   0   |   0  0  1  1  1   |   -152  -144   -82   -74   -32   -24   -32   -24   -52   -44   |   0   ||    32  |   0  0  0  0  0   |     45    35     5    65   175   |   0   |  ERR
  |    68   |   1   |   0  0  0  1  1   |   -157  -149   -87   -79   -27   -19   -27   -19   -47   -39   |   0   ||    32  |   0  0  0  0  0   |     40    30     0    60   170   |   0   |  ERR
  |    68   |   1   |   0  0  0  1  1   |   -162  -154   -92   -84   -32   -24   -22   -14   -42   -34   |   0   ||    32  |   0  0  0  0  0   |     35    25    -5    55   165   |   0   |  ERR
  |    69   |   0   |   1  0  0  0  1   |   -157  -149   -87   -79   -27   -19   -27   -19   -47   -39   |   0   ||    33  |   1  0  0  0  0   |     30    20   -10    50   160   |   0   |  ERR
  |    69   |   0   |   1  0  0  0  1   |   -162  -154   -82   -74   -22   -14   -22   -14   -52   -44   |   0   ||    33  |   1  0  0  0  0   |     25    25    -5    55   165   |   0   |  ERR
  |    70   |   0   |   0  1  0  0  0   |   -167  -159   -77   -69   -17    -9   -17    -9   -57   -49   |   0   ||    33  |   1  1  0  0  0   |     20    30     0    60   170   |   0   |  ERR
  |    70   |   0   |   0  1  0  0  0   |   -162  -154   -82   -74   -12    -4   -12    -4   -52   -44   |   0   ||    33  |   1  1  0  0  0   |     15    25     5    65   175   |   0   |  ERR
  |    71   |   0   |   0  0  1  0  0   |   -167  -159   -77   -69   -17    -9   -17    -9   -57   -49   |   0   ||    34  |   0  1  1  0  0   |     10    20    10    70   180   |   0   |  ERR
  |    71   |   0   |   0  0  1  0  0   |   -172  -164   -82   -74   -12    -4   -22   -14   -62   -54   |   0   ||    34  |   0  1  1  0  0   |      5    25    15    65   175   |   0   |  ERR
  |    72   |   0   |   0  0  0  1  0   |   -177  -169   -87   -79    -7     1   -27   -19   -67   -59   |   0   ||    34  |   0  0  1  1  0   |      0    30    20    60   170   |   0   |  ERR
  |    72   |   0   |   0  0  0  1  0   |   -182  -174   -92   -84   -12    -4   -22   -14   -72   -64   |   0   ||    34  |   0  0  1  1  0   |     -5    25    25    65   165   |   0   |  ERR
  |    73   |   0   |   0  0  0  0  1   |   -187  -179   -97   -89   -17    -9   -17    -9   -77   -69   |   0   ||    34  |   0  0  1  1  0   |    -10    20    30    70   160   |   0   |  ERR
  |    73   |   0   |   0  0  0  0  1   |   -182  -174   -92   -84   -12    -4   -12    -4   -82   -74   |   0   ||    35  |   1  0  0  1  1   |    -15    15    35    75   155   |   0   |  ERR
  |    73   |   0   |   0  0  0  0  1   |   -177  -169   -87   -79    -7     1    -7     1   -87   -79   |   0   ||    35  |   1  0  0  1  1   |    -20    20    40    70   150   |   0   |  ERR
  |    74   |   1   |   0  0  0  0  0   |   -172  -164   -82   -74    -2     6    -2     6   -92   -84   |   0   ||    35  |   1  1  0  0  1   |    -25    25    45    65   145   |   0   |  ERR
  |    74   |   1   |   0  0  0  0  0   |   -167  -159   -77   -69     3    11     3    11   -87   -79   |   0   ||    35  |   1  1  0  0  1   |    -30    20    50    70   140   |   0   |  ERR
  |    75   |   1   |   1  0  0  0  0   |   -162  -154   -72   -64     8    16     8    16   -82   -74   |   0   ||    36  |   0  1  1  0  0   |    -35    15    55    75   135   |   0   |  ERR
  |    75   |   1   |   1  0  0  0  0   |   -167  -159   -67   -59    13    21    13    21   -77   -69   |   0   ||    36  |   0  1  1  0  0   |    -30    10    50    80   140   |   0   |  ERR
  |    76   |   1   |   1  1  0  0  0   |   -172  -164   -62   -54    18    26    18    26   -72   -64   |   0   ||    36  |   0  0  1  1  0   |    -25     5    45    85   145   |   0   |  ERR
  |    76   |   1   |   1  1  0  0  0   |   -177  -169   -67   -59    23    31    23    31   -67   -59   |   0   ||    36  |   0  0  1  1  0   |    -20    10    40    80   150   |   0   |  ERR
  |    77   |   0   |   1  1  1  0  0   |   -172  -164   -62   -54    18    26    18    26   -72   -64   |   0   ||    37  |   1  0  0  1  1   |    -15    15    35    75   155   |   0   |  ERR
  |    77   |   0   |   1  1  1  0  0   |   -167  -159   -57   -49    23    31    13    21   -77   -69   |   0   ||    37  |   1  0  0  1  1   |    -10    10    30    80   160   |   0   |  ERR
  |    78   |   1   |   0  1  1  1  0   |   -162  -154   -52   -44    28    36     8    16   -82   -74   |   0   ||    37  |   1  1  0  0  1   |     -5     5    25    85   165   |   0   |  ERR
  |    78   |   1   |   0  1  1  1  0   |   -167  -159   -47   -39    33    41    13    21   -87   -79   |   0   ||    37  |   1  1  0  0  1   |      0    10    20    80   170   |   0   |  ERR
  |    79   |   0   |   1  0  1  1  1   |   -172  -164   -42   -34    38    46    18    26   -92   -84   |   0   ||    37  |   1  1  0  0  1   |      5    15    15    75   175   |   0   |  ERR
  |    79   |   0   |   1  0  1  1  1   |   -177  -169   -37   -29    33    41    13    21   -97   -89   |   0   ||    38  |   1  1  1  0  0   |     10    20    10    70   180   |   0   |  ERR
  |    79   |   0   |   1  0  1  1  1   |   -182  -174   -32   -24    28    36     8    16  -102   -94   |   0   ||    38  |   1  1  1  0  0   |      5    15     5    75   185   |   0   |  ERR
  |    80   |   0   |   0  1  0  1  1   |   -187  -179   -27   -19    23    31     3    11  -107   -99   |   0   ||    38  |   1  1  1  1  0   |      0    10     0    80   190   |   0   |  ERR
  |    80   |   0   |   0  1  0  1  1   |   -182  -174   -32   -24    28    36    -2     6  -112  -104   |   0   ||    38  |   1  1  1  1  0   |     -5     5    -5    75   195   |   0   |  ERR
  |    81   |   1   |   0  0  1  0  1   |   -187  -179   -27   -19    23    31     3    11  -107   -99   |   0   ||    39  |   0  1  1  1  1   |    -10     0   -10    70   200   |   0   |  ERR
  |    81   |   1   |   0  0  1  0  1   |   -192  -184   -32   -24    28    36    -2     6  -102   -94   |   0   ||    39  |   0  1  1  1  1   |    -15     5    -5    75   205   |   0   |  ERR
  |    82   |   0   |   1  0  0  1  0   |   -197  -189   -37   -29    33    41    -7     1   -97   -89   |   0   ||    39  |   0  0  1  1  1   |    -20    10     0    80   210   |   0   |  ERR
  |    82   |   0   |   1  0  0  1  0   |   -192  -184   -42   -34    28    36    -2     6  -102   -94   |   0   ||    39  |   0  0  1  1  1   |    -25     5     5    85   215   |   0   |  ERR
  |    83   |   1   |   0  1  0  0  1   |   -197  -189   -37   -29    33    41    -7     1   -97   -89   |   0   ||    40  |   1  0  0  1  1   |    -30     0    10    90   220   |   0   |  ERR
  |    83   |   1   |   0  1  0  0  1   |   -192  -184   -42   -34    38    46    -2     6  -102   -94   |   0   ||    40  |   1  0  0  1  1   |    -35     5    15    85   215   |   0   |  ERR
  |    84   |   1   |   1  0  1  0  0   |   -187  -179   -47   -39    43    51     3    11  -107   -99   |   0   ||    40  |   1  1  0  0  1   |    -40    10    20    80   210   |   0   |  ERR
  |    84   |   1   |   1  0  1  0  0   |   -192  -184   -42   -34    38    46     8    16  -102   -94   |   0   ||    40  |   1  1  0  0  1   |    -45     5    25    85   205   |   0   |  ERR
  |    85   |   0   |   1  1  0  1  0   |   -197  -189   -37   -29    33    41    13    21   -97   -89   |   0   ||    41  |   0  1  1  0  0   |    -50     0    30    90   200   |   0   |  ERR
  |    85   |   0   |   1  1  0  1  0   |   -202  -194   -42   -34    38    46     8    16   -92   -84   |   0   ||    41  |   0  1  1  0  0   |    -45    -5    25    95   205   |   0   |  ERR
  |    86   |   1   |   0  1  1  0  1   |   -207  -199   -47   -39    43    51     3    11   -87   -79   |   0   ||    41  |   0  1  1  0  0   |    -40   -10    20   100   210   |   0   |  ERR
  |    86   |   1   |   0  1  1  0  1   |   -202  -194   -52   -44    38    46     8    16   -92   -84   |   0   ||    41  |   0  0  1  1  0   |    -35   -15    15   105   215   |   0   |  ERR
  |    86   |   1   |   0  1  1  0  1   |   -197  -189   -57   -49    33    41    13    21   -97   -89   |   0   ||    41  |   0  0  1  1  0   |    -30   -10    10   100   220   |   0   |  ERR
  |    87   |   0   |   1  0  1  1  0   |   -202  -194   -52   -44    38    46     8    16   -92   -84   |   0   ||    42  |   1  0  0  1  1   |    -25    -5     5    95   225   |   0   |  ERR
  |    87   |   0   |   1  0  1  1  0   |   -197  -189   -57   -49    43    51    13    21   -97   -89   |   0   ||    42  |   1  0  0  1  1   |    -20   -10     0   100   230   |   0   |  ERR
  |    88   |   1   |   0  1  0  1  1   |   -192  -184   -62   -54    48    56    18    26  -102   -94   |   0   ||    42  |   1  1  0  0  1   |    -15   -15    -5   105   235   |   0   |  ERR
  |    88   |   1   |   0  1  0  1  1   |   -197  -189   -57   -49    43    51    23    31   -97   -89   |   0   ||    42  |   1  1  0  0  1   |    -10   -10   -10   100   240   |   0   |  ERR
  |    89   |   1   |   1  0  1  0  1   |   -192  -184   -62   -54    48    56    18    26  -102   -94   |   0   ||    43  |   1  1  1  0  0   |     -5    -5   -15    95   245   |   0   |  ERR
  |    89   |   1   |   1  0  1  0  1   |   -197  -189   -57   -49    43    51    23    31  -107   -99   |   0   ||    43  |   1  1  1  0  0   |    -10   -10   -20   100   250   |   0   |  ERR
  |    90   |   0   |   1  1  0  1  0   |   -202  -194   -52   -44    38    46    28    36  -112  -104   |   0   ||    43  |   1  1  1  1  0   |    -15   -15   -25   105   255   |   0   |  ERR
  |    90   |   0   |   1  1  0  1  0   |   -207  -199   -57   -49    43    51    23    31  -107   -99   |   0   ||    43  |   1  1  1  1  0   |    -20   -20   -30   100   260   |   0   |  ERR
  |    91   |   0   |   0  1  1  0  1   |   -202  -194   -52   -44    38    46    28    36  -112  -104   |   0   ||    44  |   0  1  1  1  1   |    -25   -25   -35    95   265   |   0   |  ERR
  |    91   |   0   |   0  1  1  0  1   |   -207  -199   -47   -39    43    51    23    31  -107   -99   |   0   ||    44  |   0  1  1  1  1   |    -30   -20   -30   100   270   |   0   |  ERR
  |    92   |   0   |   0  0  1  1  0   |   -212  -204   -42   -34    48    56    18    26  -102   -94   |   0   ||    44  |   0  1  1  1  1   |    -35   -15   -25   105   275   |   0   |  ERR
  |    92   |   0   |   0  0  1  1  0   |   -217  -209   -47   -39    53    61    23    31  -107   -99   |   0   ||    44  |   0  0  1  1  1   |    -40   -10   -20   110   280   |   0   |  ERR
  |    92   |   0   |   0  0  1  1  0   |   -222  -214   -52   -44    58    66    28    36  -112  -104   |   0   ||    44  |   0  0  1  1  1   |    -45   -15   -15   115   285   |   0   |  ERR
  |    93   |   1   |   0  0  0  1  1   |   -217  -209   -47   -39    53    61    23    31  -107   -99   |   0   ||    45  |   1  0  0  1  1   |    -50   -20   -10   120   290   |   0   |  ERR
  |    93   |   1   |   0  0  0  1  1   |   -212  -204   -42   -34    58    66    18    26  -112  -104   |   0   ||    45  |   1  0  0  1  1   |    -55   -15    -5   115   285   |   0   |  ERR
  |    94   |   1   |   1  0  0  0  1   |   -207  -199   -37   -29    63    71    13    21  -117  -109   |   0   ||    45  |   1  1  0  0  1   |    -60   -10     0   110   280   |   0   |  ERR
  |    94   |   1   |   1  0  0  0  1   |   -212  -204   -32   -24    68    76    18    26  -122  -114   |   0   ||    45  |   1  1  0  0  1   |    -65   -15     5   115   275   |   0   |  ERR
  |    95   |   0   |   1  1  0  0  0   |   -207  -199   -37   -29    63    71    13    21  -117  -109   |   0   ||    46  |   0  1  1  0  0   |    -70   -20    10   120   270   |   0   |  ERR
  |    95   |   0   |   1  1  0  0  0   |   -202  -194   -32   -24    58    66     8    16  -122  -114   |   0   ||    46  |   0  1  1  0  0   |    -75   -15    15   115   265   |   0   |  ERR
  |    96   |   0   |   0  1  1  0  0   |   -197  -189   -27   -19    53    61     3    11  -127  -119   |   0   ||    46  |   0  0  1  1  0   |    -80   -10    20   110   260   |   0   |  ERR
  |    96   |   0   |   0  1  1  0  0   |   -202  -194   -22   -14    58    66    -2     6  -132  -124   |   0   ||    46  |   0  0  1  1  0   |    -85   -15    25   115   255   |   0   |  ERR
  |    97   |   0   |   0  0  1  1  0   |   -207  -199   -17    -9    63    71    -7     1  -137  -129   |   0   ||    47  |   1  0  0  1  1   |    -90   -20    30   120   250   |   0   |  ERR
  |    97   |   0   |   0  0  1  1  0   |   -212  -204   -22   -14    68    76    -2     6  -142  -134   |   0   ||    47  |   1  0  0  1  1   |    -85   -25    25   125   255   |   0   |  ERR
  |    98   |   0   |   0  0  0  1  1   |   -217  -209   -27   -19    73    81     3    11  -147  -139   |   0   ||    47  |   1  1  0  0  1   |    -80   -30    20   130   260   |   0   |  ERR
  |    98   |   0   |   0  0  0  1  1   |   -222  -214   -32   -24    68    76     8    16  -142  -134   |   0   ||    47  |   1  1  0  0  1   |    -75   -25    15   125   265   |   0   |  ERR
  |    99   |   0   |   0  0  0  0  1   |   -227  -219   -37   -29    63    71    13    21  -137  -129   |   0   ||    47  |   1  1  0  0  1   |    -70   -20    10   120   270   |   0   |  ERR
  |    99   |   0   |   0  0  0  0  1   |   -232  -224   -42   -34    58    66     8    16  -132  -124   |   0   ||    48  |   0  1  1  0  0   |    -65   -15     5   115   275   |   0   |  ERR
  |    99   |   0   |   0  0  0  0  1   |   -237  -229   -47   -39    53    61     3    11  -127  -119   |   0   ||    48  |   0  1  1  0  0   |    -70   -10    10   110   270   |   0   |  ERR
  |   100   |   1   |   0  0  0  0  0   |   -242  -234   -52   -44    48    56    -2     6  -122  -114   |   0   ||    48  |   0  0  1  1  0   |    -75    -5    15   105   265   |   0   |  ERR
  |   100   |   1   |   0  0  0  0  0   |   -247  -239   -57   -49    43    51    -7     1  -127  -119   |   0   ||    48  |   0  0  1  1  0   |    -80   -10    20   110   260   |   0   |  ERR
  |   101   |   1   |   1  0  0  0  0   |   -252  -244   -62   -54    38    46   -12    -4  -132  -124   |   0   ||    49  |   0  0  0  1  1   |    -85   -15    25   115   255   |   0   |  ERR
  |   101   |   1   |   1  0  0  0  0   |   -247  -239   -67   -59    33    41   -17    -9  -137  -129   |   0   ||    49  |   0  0  0  1  1   |    -90   -20    20   120   260   |   0   |  ERR
  |   102   |   1   |   1  1  0  0  0   |   -242  -234   -72   -64    28    36   -22   -14  -142  -134   |   0   ||    49  |   0  0  0  0  1   |    -95   -25    15   125   265   |   0   |  ERR
  |   102   |   1   |   1  1  0  0  0   |   -237  -229   -67   -59    23    31   -27   -19  -147  -139   |   0   ||    49  |   0  0  0  0  1   |   -100   -30    10   120   270   |   0   |  ERR
  |   103   |   1   |   1  1  1  0  0   |   -232  -224   -62   -54    18    26   -32   -24  -152  -144   |   0   ||    50  |   0  0  0  0  0   |   -105   -35     5   115   275   |   0   |  ERR
  |   103   |   1   |   1  1  1  0  0   |   -227  -219   -57   -49    23    31   -37   -29  -157  -149   |   0   ||    50  |   0  0  0  0  0   |   -110   -40     0   110   270   |   0   |  ERR
  |   104   |   1   |   1  1  1  1  0   |   -222  -214   -52   -44    28    36   -42   -34  -162  -154   |   0   ||    50  |   0  0  0  0  0   |   -115   -45    -5   105   265   |   0   |  ERR
  |   104   |   1   |   1  1  1  1  0   |   -217  -209   -47   -39    33    41   -37   -29  -167  -159   |   0   ||    50  |   0  0  0  0  0   |   -120   -50   -10   100   260   |   0   |  ERR
  |   105   |   1   |   1  1  1  1  1   |   -222  -214   -52   -44    28    36   -42   -34  -162  -154   |   0   ||    51  |   0  0  0  0  0   |   -125   -55   -15    95   255   |   0   |  ERR
  |   105   |   1   |   1  1  1  1  1   |   -227  -219   -57   -49    23    31   -47   -39  -167  -159   |   0   ||    51  |   0  0  0  0  0   |   -120   -50   -10   100   260   |   0   |  ERR
  |   106   |   0   |   1  1  1  1  1   |   -232  -224   -62   -54    18    26   -52   -44  -172  -164   |   0   ||    51  |   0  0  0  0  0   |   -115   -45    -5   105   265   |   0   |  ERR
  |   106   |   0   |   1  1  1  1  1   |   -237  -229   -67   -59    13    21   -57   -49  -177  -169   |   0   ||    51  |   0  0  0  0  0   |   -110   -40     0   110   270   |   0   |  ERR
  |   106   |   0   |   1  1  1  1  1   |   -242  -234   -72   -64     8    16   -62   -54  -182  -174   |   0   ||    51  |   0  0  0  0  0   |   -105   -35     5   115   275   |   1   |  ERR
  |   107   |   0   |   0  1  1  1  1   |   -247  -239   -77   -69     3    11   -67   -59  -187  -179   |   1   ||    52  |   0  0  0  0  0   |   -100   -30    10   120   280   |   0   |  ERR
  |   107   |   0   |   0  1  1  1  1   |   -242  -234   -82   -74    -2     6   -72   -64  -192  -184   |   0   ||    52  |   0  0  0  0  0   |    -95   -25    15   125   285   |   0   |  ERR
  |   108   |   0   |   0  0  1  1  1   |   -237  -229   -87   -79    -7     1   -77   -69  -197  -189   |   0   ||    52  |   0  0  0  0  0   |    -90   -20    20   130   290   |   0   |  ERR
  |   108   |   0   |   0  0  1  1  1   |   -232  -224   -82   -74   -12    -4   -82   -74  -202  -194   |   0   ||    52  |   0  0  0  0  0   |    -85   -15    25   135   295   |   0   |  ERR
  |   109   |   0   |   0  0  0  1  1   |   -237  -229   -87   -79    -7     1   -77   -69  -197  -189   |   0   ||    53  |   1  0  0  0  0   |    -80   -10    30   140   300   |   0   |  ERR
  |   109   |   0   |   0  0  0  1  1   |   -242  -234   -92   -84   -12    -4   -72   -64  -192  -184   |   0   ||    53  |   1  0  0  0  0   |    -75   -15    25   135   295   |   0   |  ERR
  |   110   |   1   |   0  0  0  0  1   |   -247  -239   -97   -89   -17    -9   -67   -59  -187  -179   |   0   ||    53  |   1  1  0  0  0   |    -70   -20    20   130   290   |   0   |  ERR
  |   110   |   1   |   0  0  0  0  1   |   -252  -244  -102   -94   -22   -14   -72   -64  -182  -174   |   0   ||    53  |   1  1  0  0  0   |    -65   -15    15   125   285   |   0   |  ERR
  |   111   |   1   |   1  0  0  0  0   |   -247  -239   -97   -89   -17    -9   -67   -59  -187  -179   |   0   ||    54  |   1  1  1  0  0   |    -60   -10    10   120   280   |   0   |  ERR
  |   111   |   1   |   1  0  0  0  0   |   -252  -244   -92   -84   -12    -4   -62   -54  -182  -174   |   0   ||    54  |   1  1  1  0  0   |    -65   -15     5   125   285   |   0   |  ERR
  |   112   |   1   |   1  1  0  0  0   |   -257  -249   -87   -79    -7     1   -57   -49  -177  -169   |   0   ||    54  |   1  1  1  0  0   |    -70   -20     0   130   290   |   0   |  ERR
  |   112   |   1   |   1  1  0  0  0   |   -262  -254   -92   -84    -2     6   -52   -44  -172  -164   |   0   ||    54  |   1  1  1  1  0   |    -75   -25    -5   135   295   |   0   |  ERR
  |   112   |   1   |   1  1  0  0  0   |   -267  -259   -97   -89     3    11   -47   -39  -167  -159   |   0   ||    54  |   1  1  1  1  0   |    -80   -30   -10   130   300   |   0   |  ERR
  |   113   |   1   |   1  1  1  0  0   |   -262  -254   -92   -84    -2     6   -52   -44  -172  -164   |   0   ||    55  |   0  1  1  1  1   |    -85   -35   -15   125   305   |   0   |  ERR
  |   113   |   1   |   1  1  1  0  0   |   -257  -249   -87   -79     3    11   -57   -49  -177  -169   |   0   ||    55  |   0  1  1  1  1   |    -90   -30   -10   130   310   |   0   |  ERR
  |   114   |   1   |   1  1  1  1  0   |   -252  -244   -82   -74     8    16   -62   -54  -182  -174   |   0   ||    55  |   0  0  1  1  1   |    -95   -25    -5   135   315   |   0   |  ERR
  |   114   |   1   |   1  1  1  1  0   |   -247  -239   -77   -69    13    21   -57   -49  -187  -179   |   0   ||    55  |   0  0  1  1  1   |   -100   -30     0   140   320   |   0   |  ERR
  |   115   |   1   |   1  1  1  1  1   |   -242  -234   -72   -64    18    26   -52   -44  -192  -184   |   0   ||    56  |   1  0  0  1  1   |   -105   -35     5   145   325   |   0   |  ERR
  |   115   |   1   |   1  1  1  1  1   |   -237  -229   -67   -59    23    31   -47   -39  -187  -179   |   0   ||    56  |   1  0  0  1  1   |   -100   -40     0   150   330   |   0   |  ERR
  |   116   |   0   |   1  1  1  1  1   |   -232  -224   -62   -54    28    36   -42   -34  -182  -174   |   0   ||    56  |   1  1  0  0  1   |    -95   -45    -5   155   335   |   0   |  ERR
  |   116   |   0   |   1  1  1  1  1   |   -227  -219   -57   -49    33    41   -37   -29  -177  -169   |   0   ||    56  |   1  1  0  0  1   |    -90   -40   -10   150   340   |   0   |  ERR
  |   117   |   1   |   0  1  1  1  1   |   -232  -224   -62   -54    28    36   -42   -34  -182  -174   |   0   ||    57  |   0  1  1  0  0   |    -85   -35   -15   145   345   |   0   |  ERR
  |   117   |   1   |   0  1  1  1  1   |   -227  -219   -67   -59    23    31   -47   -39  -187  -179   |   0   ||    57  |   0  1  1  0  0   |    -80   -40   -20   150   350   |   0   |  ERR
  |   118   |   0   |   1  0  1  1  1   |   -222  -214   -72   -64    18    26   -52   -44  -192  -184   |   0   ||    57  |   0  0  1  1  0   |    -75   -45   -25   155   355   |   0   |  ERR
  |   118   |   0   |   1  0  1  1  1   |   -227  -219   -67   -59    13    21   -57   -49  -197  -189   |   0   ||    57  |   0  0  1  1  0   |    -70   -40   -30   150   360   |   0   |  ERR
  |   119   |   0   |   0  1  0  1  1   |   -232  -224   -62   -54     8    16   -62   -54  -202  -194   |   0   ||    57  |   0  0  1  1  0   |    -65   -35   -35   145   365   |   0   |  ERR
  |   119   |   0   |   0  1  0  1  1   |   -237  -229   -57   -49     3    11   -57   -49  -197  -189   |   0   ||    58  |   0  0  0  1  1   |    -60   -30   -40   140   370   |   0   |  ERR
  |   119   |   0   |   0  1  0  1  1   |   -242  -234   -52   -44    -2     6   -52   -44  -192  -184   |   0   ||    58  |   0  0  0  1  1   |    -65   -35   -45   145   375   |   0   |  ERR
  |   120   |   0   |   0  0  1  0  1   |   -247  -239   -47   -39    -7     1   -47   -39  -187  -179   |   0   ||    58  |   0  0  0  0  1   |    -70   -40   -50   150   380   |   0   |  ERR
  |   120   |   0   |   0  0  1  0  1   |   -252  -244   -52   -44    -2     6   -52   -44  -182  -174   |   0   ||    58  |   0  0  0  0  1   |    -75   -45   -55   145   385   |   0   |  ERR
  |   121   |   0   |   0  0  0  1  0   |   -257  -249   -57   -49     3    11   -57   -49  -177  -169   |   0   ||    59  |   1  0  0  0  0   |    -80   -50   -60   140   390   |   0   |  ERR
  |   121   |   0   |   0  0  0  1  0   |   -262  -254   -62   -54    -2     6   -52   -44  -182  -174   |   0   ||    59  |   1  0  0  0  0   |    -75   -55   -65   135   385   |   0   |  ERR
  |   122   |   0   |   0  0  0  0  1   |   -267  -259   -67   -59    -7     1   -47   -39  -187  -179   |   0   ||    59  |   1  1  0  0  0   |    -70   -60   -70   130   380   |   0   |  ERR
  |   122   |   0   |   0  0  0  0  1   |   -272  -264   -72   -64   -12    -4   -52   -44  -182  -174   |   0   ||    59  |   1  1  0  0  0   |    -65   -55   -75   125   375   |   0   |  ERR
  |   123   |   1   |   0  0  0  0  0   |   -267  -259   -67   -59    -7     1   -47   -39  -187  -179   |   0   ||    60  |   0  1  1  0  0   |    -60   -50   -80   120   370   |   0   |  ERR
  |   123   |   1   |   0  0  0  0  0   |   -262  -254   -62   -54    -2     6   -42   -34  -182  -174   |   0   ||    60  |   0  1  1  0  0   |    -55   -55   -85   125   375   |   0   |  ERR
  |   124   |   1   |   1  0  0  0  0   |   -257  -249   -57   -49     3    11   -37   -29  -177  -169   |   0   ||    60  |   0  0  1  1  0   |    -50   -60   -90   130   380   |   0   |  ERR
  |   124   |   1   |   1  0  0  0  0   |   -262  -254   -52   -44     8    16   -32   -24  -172  -164   |   0   ||    60  |   0  0  1  1  0   |    -45   -55   -95   125   385   |   0   |  ERR
  |   125   |   0   |   1  1  0  0  0   |   -267  -259   -47   -39    13    21   -27   -19  -167  -159   |   0   ||    61  |   0  0  0  1  1   |    -40   -50  -100   120   390   |   0   |  ERR
  |   125   |   0   |   1  1  0  0  0   |   -272  -264   -52   -44    18    26   -22   -14  -162  -154   |   0   ||    61  |   0  0  0  1  1   |    -35   -45   -95   115   385   |   0   |  ERR
  |   126   |   1   |   0  1  1  0  0   |   -277  -269   -57   -49    23    31   -17    -9  -157  -149   |   0   ||    61  |   0  0  0  1  1   |    -30   -40   -90   110   380   |   0   |  ERR
  |   126   |   1   |   0  1  1  0  0   |   -272  -264   -62   -54    18    26   -12    -4  -152  -144   |   0   ||    61  |   0  0  0  0  1   |    -25   -35   -85   105   375   |   0   |  ERR
  |   126   |   1   |   0  1  1  0  0   |   -267  -259   -67   -59    13    21    -7     1  -147  -139   |   0   ||    61  |   0  0  0  0  1   |    -20   -30   -80   110   370   |   0   |  ERR
  |   127   |   1   |   1  0  1  1  0   |   -262  -254   -72   -64     8    16    -2     6  -142  -134   |   0   ||    62  |   1  0  0  0  0   |    -15   -25   -75   115   365   |   0   |  ERR
  |   127   |   1   |   1  0  1  1  0   |   -267  -259   -67   -59     3    11    -7     1  -137  -129   |   0   ||    62  |   1  0  0  0  0   |    -20   -20   -70   120   370   |   0   |  ERR
  |   128   |   1   |   1  1  0  1  1   |   -272  -264   -62   -54    -2     6   -12    -4  -132  -124   |   0   ||    62  |   1  1  0  0  0   |    -25   -15   -65   125   375   |   0   |  ERR
  |   128   |   1   |   1  1  0  1  1   |   -277  -269   -67   -59     3    11   -17    -9  -137  -129   |   0   ||    62  |   1  1  0  0  0   |    -30   -20   -60   130   380   |   0   |  ERR
  |   129   |   1   |   1  1  1  0  1   |   -272  -264   -62   -54    -2     6   -12    -4  -132  -124   |   0   ||    63  |   1  1  1  0  0   |    -35   -25   -55   135   385   |   0   |  ERR
  |   129   |   1   |   1  1  1  0  1   |   -267  -259   -57   -49     3    11   -17    -9  -127  -119   |   0   ||    63  |   1  1  1  0  0   |    -30   -20   -50   130   380   |   0   |  ERR
  |   130   |   1   |   1  1  1  1  0   |   -262  -254   -52   -44     8    16   -22   -14  -122  -114   |   0   ||    63  |   1  1  1  1  0   |    -25   -15   -45   125   375   |   0   |  ERR
  |   130   |   1   |   1  1  1  1  0   |   -257  -249   -47   -39    13    21   -17    -9  -127  -119   |   0   ||    63  |   1  1  1  1  0   |    -20   -10   -40   130   370   |   0   |  ERR
  |   131   |   1   |   1  1  1  1  1   |   -252  -244   -42   -34    18    26   -12    -4  -132  -124   |   0   ||    64  |   1  1  1  1  1   |    -15    -5   -35   135   365   |   0   |  ERR
  |   131   |   1   |   1  1  1  1  1   |   -247  -239   -37   -29    23    31    -7     1  -127  -119   |   0   ||    64  |   1  1  1  1  1   |    -10     0   -30   140   370   |   0   |  ERR
  |   132   |   0   |   1  1  1  1  1   |   -242  -234   -32   -24    28    36    -2     6  -122  -114   |   0   ||    64  |   1  1  1  1  1   |     -5     5   -25   145   375   |   0   |  ERR
  |   132   |   0   |   1  1  1  1  1   |   -237  -229   -27   -19    33    41     3    11  -117  -109   |   0   ||    64  |   1  1  1  1  1   |      0    10   -20   150   380   |   0   |  ERR
  |   132   |   0   |   1  1  1  1  1   |   -232  -224   -22   -14    38    46     8    16  -112  -104   |   0   ||    64  |   1  1  1  1  1   |      5    15   -15   155   385   |   0   |  ERR
  |   133   |   0   |   0  1  1  1  1   |   -227  -219   -17    -9    43    51    13    21  -107   -99   |   0   ||    65  |   0  1  1  1  1   |     10    20   -10   160   390   |   0   |  ERR
  |   133   |   0   |   0  1  1  1  1   |   -232  -224   -12    -4    48    56    18    26  -102   -94   |   0   ||    65  |   0  1  1  1  1   |      5    25    -5   165   395   |   0   |  ERR
  |   134   |   1   |   0  0  1  1  1   |   -237  -229    -7     1    53    61    23    31   -97   -89   |   0   ||    65  |   0  0  1  1  1   |      0    30     0   170   400   |   0   |  ERR
  |   134   |   1   |   0  0  1  1  1   |   -242  -234   -12    -4    58    66    28    36   -92   -84   |   0   ||    65  |   0  0  1  1  1   |     -5    25     5   175   405   |   0   |  ERR
  |   135   |   1   |   1  0  0  1  1   |   -237  -229    -7     1    53    61    23    31   -97   -89   |   0   ||    66  |   0  0  0  1  1   |    -10    20    10   180   410   |   0   |  ERR
  |   135   |   1   |   1  0  0  1  1   |   -242  -234    -2     6    58    66    18    26  -102   -94   |   0   ||    66  |   0  0  0  1  1   |     -5    25    15   175   405   |   0   |  ERR
  |   136   |   0   |   1  1  0  0  1   |   -247  -239     3    11    63    71    13    21  -107   -99   |   0   ||    66  |   0  0  0  0  1   |      0    30    20   170   400   |   0   |  ERR
  |   136   |   0   |   1  1  0  0  1   |   -252  -244    -2     6    68    76    18    26  -112  -104   |   0   ||    66  |   0  0  0  0  1   |      5    35    25   175   395   |   0   |  ERR
  |   137   |   0   |   0  1  1  0  0   |   -247  -239     3    11    63    71    13    21  -107   -99   |   0   ||    67  |   0  0  0  0  0   |     10    40    30   180   390   |   0   |  ERR
  |   137   |   0   |   0  1  1  0  0   |   -252  -244     8    16    68    76     8    16  -112  -104   |   0   ||    67  |   0  0  0  0  0   |      5    35    25   175   385   |   0   |  ERR
  |   138   |   0   |   0  0  1  1  0   |   -257  -249    13    21    73    81     3    11  -117  -109   |   0   ||    67  |   0  0  0  0  0   |      0    30    20   170   380   |   0   |  ERR
  |   138   |   0   |   0  0  1  1  0   |   -262  -254     8    16    78    86     8    16  -122  -114   |   0   ||    67  |   0  0  0  0  0   |     -5    25    15   165   375   |   0   |  ERR
  |   139   |   0   |   0  0  0  1  1   |   -267  -259     3    11    83    91    13    21  -127  -119   |   0   ||    67  |   0  0  0  0  0   |    -10    20    10   160   370   |   0   |  ERR
  |   139   |   0   |   0  0  0  1  1   |   -272  -264    -2     6    78    86    18    26  -122  -114   |   0   ||    68  |   1  0  0  0  0   |    -15    15     5   155   365   |   0   |  ERR
  |   139   |   0   |   0  0  0  1  1   |   -277  -269    -7     1    73    81    23    31  -117  -109   |   0   ||    68  |   1  0  0  0  0   |    -10    10     0   150   360   |   0   |  ERR
  |   140   |   1   |   0  0  0  0  1   |   -282  -274   -12    -4    68    76    28    36  -112  -104   |   0   ||    68  |   1  1  0  0  0   |     -5     5    -5   145   355   |   0   |  ERR
  |   140   |   1   |   0  0  0  0  1   |   -287  -279   -17    -9    63    71    23    31  -107   -99   |   0   ||    68  |   1  1  0  0  0   |      0    10   -10   140   350   |   0   |  ERR
  |   141   |   0   |   1  0  0  0  0   |   -292  -284   -22   -14    58    66    18    26  -102   -94   |   0   ||    69  |   0  1  1  0  0   |      5    15   -15   135   345   |   0   |  ERR
  |   141   |   0   |   1  0  0  0  0   |   -287  -279   -27   -19    53    61    13    21  -107   -99   |   0   ||    69  |   0  1  1  0  0   |      0    20   -10   130   340   |   0   |  ERR
  |   142   |   0   |   0  1  0  0  0   |   -282  -274   -32   -24    48    56     8    16  -112  -104   |   0   ||    69  |   0  0  1  1  0   |     -5    25    -5   125   335   |   0   |  ERR
  |   142   |   0   |   0  1  0  0  0   |   -287  -279   -27   -19    43    51     3    11  -117  -109   |   0   ||    69  |   0  0  1  1  0   |    -10    20     0   130   330   |   0   |  ERR
  |   143   |   0   |   0  0  1  0  0   |   -292  -284   -22   -14    38    46    -2     6  -122  -114   |   0   ||    70  |   0  0  0  1  1   |    -15    15     5   135   325   |   0   |  ERR
  |   143   |   0   |   0  0  1  0  0   |   -297  -289   -27   -19    43    51    -7     1  -127  -119   |   0   ||    70  |   0  0  0  1  1   |    -20    10     0   140   330   |   0   |  ERR
  |   144   |   1   |   0  0  0  1  0   |   -302  -294   -32   -24    48    56   -12    -4  -132  -124   |   0   ||    70  |   0  0  0  0  1   |    -25     5    -5   145   335   |   0   |  ERR
  |   144   |   1   |   0  0  0  1  0   |   -307  -299   -37   -29    43    51    -7     1  -137  -129   |   0   ||    70  |   0  0  0  0  1   |    -30     0   -10   140   340   |   0   |  ERR
  |   145   |   1   |   1  0  0  0  1   |   -312  -304   -42   -34    38    46    -2     6  -142  -134   |   0   ||    71  |   0  0  0  0  0   |    -35    -5   -15   135   345   |   0   |  ERR
  |   145   |   1   |   1  0  0  0  1   |   -307  -299   -47   -39    33    41    -7     1  -137  -129   |   0   ||    71  |   0  0  0  0  0   |    -40   -10   -20   130   340   |   0   |  ERR
  |   146   |   0   |   1  1  0  0  0   |   -302  -294   -52   -44    28    36   -12    -4  -132  -124   |   0   ||    71  |   0  0  0  0  0   |    -45   -15   -25   125   335   |   0   |  ERR
  |   146   |   0   |   1  1  0  0  0   |   -297  -289   -47   -39    23    31   -17    -9  -137  -129   |   0   ||    71  |   0  0  0  0  0   |    -50   -20   -30   120   330   |   0   |  ERR
  |   146   |   0   |   1  1  0  0  0   |   -292  -284   -42   -34    18    26   -22   -14  -142  -134   |   0   ||    71  |   0  0  0  0  0   |    -55   -25   -35   115   325   |   0   |  ERR
  |   147   |   1   |   0  1  1  0  0   |   -297  -289   -47   -39    23    31   -17    -9  -137  -129   |   0   ||    72  |   0  0  0  0  0   |    -60   -30   -40   110   320   |   0   |  ERR
  |   147   |   1   |   0  1  1  0  0   |   -292  -284   -52   -44    18    26   -12    -4  -132  -124   |   0   ||    72  |   0  0  0  0  0   |    -55   -25   -35   115   325   |   0   |  ERR
  |   148   |   0   |   1  0  1  1  0   |   -287  -279   -57   -49    13    21    -7     1  -127  -119   |   0   ||    72  |   0  0  0  0  0   |    -50   -20   -30   120   330   |   0   |  ERR
  |   148   |   0   |   1  0  1  1  0   |   -292  -284   -52   -44     8    16   -12    -4  -122  -114   |   0   ||    72  |   0  0  0  0  0   |    -45   -15   -25   125   335   |   0   |  ERR
  |   149   |   1   |   0  1  0  1  1   |   -297  -289   -47   -39     3    11   -17    -9  -117  -109   |   0   ||    73  |   0  0  0  0  0   |    -40   -10   -20   130   340   |   0   |  ERR
  |   149   |   1   |   0  1  0  1  1   |   -292  -284   -52   -44     8    16   -22   -14  -122  -114   |   0   ||    73  |   0  0  0  0  0   |    -35    -5   -15   135   345   |   0   |  ERR
  |   150   |   0   |   1  0  1  0  1   |   -287  -279   -57   -49    13    21   -27   -19  -127  -119   |   0   ||    73  |   0  0  0  0  0   |    -30     0   -10   140   350   |   0   |  ERR
  |   150   |   0   |   1  0  1  0  1   |   -292  -284   -52   -44     8    16   -22   -14  -132  -124   |   0   ||    73  |   0  0  0  0  0   |    -25     5    -5   145   355   |   0   |  ERR
  |   151   |   0   |   0  1  0  1  0   |   -297  -289   -47   -39     3    11   -17    -9  -137  -129   |   0   ||    74  |   1  0  0  0  0   |    -20    10     0   150   360   |   0   |  ERR
  |   151   |   0   |   0  1  0  1  0   |   -292  -284   -52   -44     8    16   -22   -14  -132  -124   |   0   ||    74  |   1  0  0  0  0   |    -25    15     5   155   365   |   0   |  ERR
  |   152   |   1   |   0  0  1  0  1   |   -287  -279   -57   -49    13    21   -27   -19  -127  -119   |   0   ||    74  |   1  0  0  0  0   |    -30    20    10   160   370   |   0   |  ERR
  |   152   |   1   |   0  0  1  0  1   |   -282  -274   -52   -44     8    16   -22   -14  -132  -124   |   0   ||    74  |   1  1  0  0  0   |    -35    25    15   165   375   |   0   |  ERR
  |   152   |   1   |   0  0  1  0  1   |   -277  -269   -47   -39     3    11   -17    -9  -137  -129   |   0   ||    74  |   1  1  0  0  0   |    -40    20    20   170   380   |   0   |  ERR
  |   153   |   1   |   1  0  0  1  0   |   -282  -274   -52   -44     8    16   -22   -14  -132  -124   |   0   ||    75  |   1  1  1  0  0   |    -45    15    25   175   385   |   0   |  ERR
  |   153   |   1   |   1  0  0  1  0   |   -277  -269   -57   -49     3    11   -17    -9  -137  -129   |   0   ||    75  |   1  1  1  0  0   |    -40    20    30   170   380   |   0   |  ERR
  |   154   |   0   |   1  1  0  0  1   |   -272  -264   -62   -54    -2     6   -12    -4  -142  -134   |   0   ||    75  |   1  1  1  1  0   |    -35    25    35   165   375   |   0   |  ERR
  |   154   |   0   |   1  1  0  0  1   |   -267  -259   -57   -49    -7     1   -17    -9  -137  -129   |   0   ||    75  |   1  1  1  1  0   |    -30    30    40   170   370   |   0   |  ERR
  |   155   |   0   |   0  1  1  0  0   |   -272  -264   -62   -54    -2     6   -12    -4  -142  -134   |   0   ||    76  |   1  1  1  1  1   |    -25    35    45   175   365   |   0   |  ERR
  |   155   |   0   |   0  1  1  0  0   |   -267  -259   -67   -59    -7     1    -7     1  -137  -129   |   0   ||    76  |   1  1  1  1  1   |    -30    30    40   170   360   |   0   |  ERR
  |   156   |   0   |   0  0  1  1  0   |   -262  -254   -72   -64   -12    -4    -2     6  -132  -124   |   0   ||    76  |   1  1  1  1  1   |    -35    25    35   165   355   |   0   |  ERR
  |   156   |   0   |   0  0  1  1  0   |   -257  -249   -67   -59   -17    -9    -7     1  -127  -119   |   0   ||    76  |   1  1  1  1  1   |    -40    20    30   160   350   |   0   |  ERR
  |   157   |   0   |   0  0  0  1  1   |   -262  -254   -72   -64   -12    -4    -2     6  -132  -124   |   0   ||    77  |   0  1  1  1  1   |    -45    15    25   155   345   |   0   |  ERR
  |   157   |   0   |   0  0  0  1  1   |   -267  -259   -77   -69   -17    -9     3    11  -127  -119   |   0   ||    77  |   0  1  1  1  1   |    -50    20    30   160   350   |   0   |  ERR
  |   158   |   1   |   0  0  0  0  1   |   -272  -264   -82   -74   -22   -14     8    16  -122  -114   |   0   ||    77  |   0  0  1  1  1   |    -55    25    35   165   355   |   0   |  ERR
  |   158   |   1   |   0  0  0  0  1   |   -277  -269   -87   -79   -27   -19     3    11  -117  -109   |   0   ||    77  |   0  0  1  1  1   |    -60    20    40   170   360   |   0   |  ERR
  |   159   |   1   |   1  0  0  0  0   |   -282  -274   -92   -84   -32   -24    -2     6  -112  -104   |   0   ||    77  |   0  0  1  1  1   |    -65    15    45   175   365   |   0   |  ERR
  |   159   |   1   |   1  0  0  0  0   |   -277  -269   -97   -89   -37   -29    -7     1  -117  -109   |   0   ||    78  |   1  0  0  1  1   |    -70    10    50   180   370   |   0   |  ERR
  |   159   |   1   |   1  0  0  0  0   |   -272  -264  -102   -94   -42   -34   -12    -4  -122  -114   |   0   ||    78  |   1  0  0  1  1   |    -65     5    45   185   375   |   0   |  ERR
  |   160   |   1   |   1  1  0  0  0   |   -267  -259  -107   -99   -47   -39   -17    -9  -127  -119   |   0   ||    78  |   1  1  0  0  1   |    -60     0    40   190   380   |   0   |  ERR
  |   160   |   1   |   1  1  0  0  0   |   -262  -254  -102   -94   -52   -44   -22   -14  -132  -124   |   0   ||    78  |   1  1  0  0  1   |    -55     5    35   185   385   |   0   |  ERR
  |   161   |   1   |   1  1  1  0  0   |   -267  -259  -107   -99   -47   -39   -17    -9  -127  -119   |   0   ||    79  |   0  1  1  0  0   |    -50    10    30   180   390   |   0   |  ERR
  |   161   |   1   |   1  1  1  0  0   |   -272  -264  -112  -104   -52   -44   -12    -4  -122  -114   |   0   ||    79  |   0  1  1  0  0   |    -45     5    25   185   395   |   0   |  ERR
  |   162   |   0   |   1  1  1  1  0   |   -277  -269  -117  -109   -57   -49    -7     1  -117  -109   |   0   ||    79  |   0  0  1  1  0   |    -40     0    20   190   400   |   0   |  ERR
  |   162   |   0   |   1  1  1  1  0   |   -282  -274  -122  -114   -62   -54   -12    -4  -112  -104   |   0   ||    79  |   0  0  1  1  0   |    -35     5    15   185   405   |   0   |  ERR
  |   163   |   0   |   0  1  1  1  1   |   -277  -269  -117  -109   -57   -49    -7     1  -117  -109   |   0   ||    80  |   0  0  0  1  1   |    -30    10    10   180   410   |   0   |  ERR
  |   163   |   0   |   0  1  1  1  1   |   -282  -274  -112  -104   -52   -44    -2     6  -112  -104   |   0   ||    80  |   0  0  0  1  1   |    -35     5     5   185   415   |   0   |  ERR
  |   164   |   0   |   0  0  1  1  1   |   -287  -279  -107   -99   -47   -39     3    11  -107   -99   |   0   ||    80  |   0  0  0  0  1   |    -40     0     0   190   420   |   0   |  ERR
  |   164   |   0   |   0  0  1  1  1   |   -292  -284  -112  -104   -42   -34     8    16  -102   -94   |   0   ||    80  |   0  0  0  0  1   |    -45    -5    -5   185   425   |   0   |  ERR
  |   165   |   0   |   0  0  0  1  1   |   -287  -279  -107   -99   -47   -39     3    11  -107   -99   |   0   ||    81  |   1  0  0  0  0   |    -50   -10   -10   180   430   |   0   |  ERR
  |   165   |   0   |   0  0  0  1  1   |   -282  -274  -102   -94   -42   -34    -2     6  -112  -104   |   0   ||    81  |   1  0  0  0  0   |    -55    -5    -5   185   435   |   0   |  ERR
  |   166   |   1   |   0  0  0  0  1   |   -277  -269   -97   -89   -37   -29    -7     1  -117  -109   |   0   ||    81  |   1  0  0  0  0   |    -60     0     0   190   440   |   0   |  ERR
  |   166   |   1   |   0  0  0  0  1   |   -272  -264   -92   -84   -32   -24    -2     6  -122  -114   |   0   ||    81  |   1  1  0  0  0   |    -65     5     5   195   445   |   0   |  ERR
  |   166   |   1   |   0  0  0  0  1   |   -267  -259   -87   -79   -27   -19     3    11  -127  -119   |   0   ||    81  |   1  1  0  0  0   |    -70     0    10   200   450   |   0   |  ERR
  |   167   |   1   |   1  0  0  0  0   |   -262  -254   -82   -74   -22   -14     8    16  -132  -124   |   0   ||    82  |   0  1  1  0  0   |    -75    -5    15   205   455   |   0   |  ERR
  |   167   |   1   |   1  0  0  0  0   |   -267  -259   -77   -69   -17    -9    13    21  -127  -119   |   0   ||    82  |   0  1  1  0  0   |    -70   -10    10   210   460   |   0   |  ERR
  |   168   |   0   |   1  1  0  0  0   |   -272  -264   -72   -64   -12    -4    18    26  -122  -114   |   0   ||    82  |   0  0  1  1  0   |    -65   -15     5   215   465   |   0   |  ERR
  |   168   |   0   |   1  1  0  0  0   |   -277  -269   -77   -69    -7     1    23    31  -117  -109   |   0   ||    82  |   0  0  1  1  0   |    -60   -10     0   210   470   |   0   |  ERR
  |   169   |   1   |   0  1  1  0  0   |   -272  -264   -72   -64   -12    -4    18    26  -122  -114   |   0   ||    83  |   1  0  0  1  1   |    -55    -5    -5   205   475   |   0   |  ERR
  |   169   |   1   |   0  1  1  0  0   |   -277  -269   -67   -59    -7     1    13    21  -127  -119   |   0   ||    83  |   1  0  0  1  1   |    -50   -10   -10   210   480   |   0   |  ERR
  |   170   |   0   |   1  0  1  1  0   |   -282  -274   -62   -54    -2     6     8    16  -132  -124   |   0   ||    83  |   1  1  0  0  1   |    -45   -15   -15   215   485   |   0   |  ERR
  |   170   |   0   |   1  0  1  1  0   |   -277  -269   -67   -59     3    11    13    21  -137  -129   |   0   ||    83  |   1  1  0  0  1   |    -40   -10   -20   210   490   |   0   |  ERR
  |   171   |   1   |   0  1  0  1  1   |   -282  -274   -62   -54    -2     6     8    16  -132  -124   |   0   ||    84  |   1  1  1  0  0   |    -35    -5   -25   205   495   |   0   |  ERR
  |   171   |   1   |   0  1  0  1  1   |   -277  -269   -67   -59     3    11     3    11  -137  -129   |   0   ||    84  |   1  1  1  0  0   |    -40   -10   -30   210   500   |   0   |  ERR
  |   172   |   0   |   1  0  1  0  1   |   -272  -264   -72   -64     8    16    -2     6  -142  -134   |   0   ||    84  |   1  1  1  0  0   |    -45   -15   -35   215   505   |   0   |  ERR
  |   172   |   0   |   1  0  1  0  1   |   -277  -269   -67   -59     3    11     3    11  -147  -139   |   0   ||    84  |   1  1  1  1  0   |    -50   -20   -40   220   510   |   0   |  ERR
  |   172   |   0   |   1  0  1  0  1   |   -282  -274   -62   -54    -2     6     8    16  -152  -144   |   0   ||    84  |   1  1  1  1  0   |    -55   -25   -45   215   515   |   0   |  ERR
  |   173   |   0   |   0  1  0  1  0   |   -277  -269   -67   -59     3    11     3    11  -147  -139   |   0   ||    85  |   0  1  1  1  1   |    -60   -30   -50   210   520   |   0   |  ERR
  |   173   |   0   |   0  1  0  1  0   |   -282  -274   -62   -54    -2     6     8    16  -152  -144   |   0   ||    85  |   0  1  1  1  1   |    -65   -25   -45   215   525   |   0   |  ERR
  |   174   |   1   |   0  0  1  0  1   |   -287  -279   -57   -49    -7     1    13    21  -157  -149   |   0   ||    85  |   0  0  1  1  1   |    -70   -20   -40   220   530   |   0   |  ERR
  |   174   |   1   |   0  0  1  0  1   |   -292  -284   -62   -54    -2     6     8    16  -152  -144   |   0   ||    85  |   0  0  1  1  1   |    -75   -25   -35   225   535   |   0   |  ERR
  |   175   |   0   |   1  0  0  1  0   |   -287  -279   -57   -49    -7     1    13    21  -157  -149   |   0   ||    86  |   1  0  0  1  1   |    -80   -30   -30   230   540   |   0   |  ERR
  |   175   |   0   |   1  0  0  1  0   |   -292  -284   -52   -44    -2     6     8    16  -152  -144   |   0   ||    86  |   1  0  0  1  1   |    -85   -25   -25   225   535   |   0   |  ERR
  |   176   |   0   |   0  1  0  0  1   |   -297  -289   -47   -39     3    11     3    11  -147  -139   |   0   ||    86  |   1  1  0  0  1   |    -90   -20   -20   220   530   |   0   |  ERR
  |   176   |   0   |   0  1  0  0  1   |   -292  -284   -52   -44     8    16     8    16  -152  -144   |   0   ||    86  |   1  1  0  0  1   |    -95   -25   -15   225   525   |   0   |  ERR
  |   177   |   1   |   0  0  1  0  0   |   -287  -279   -57   -49    13    21    13    21  -157  -149   |   0   ||    87  |   0  1  1  0  0   |   -100   -30   -10   230   520   |   0   |  ERR
  |   177   |   1   |   0  0  1  0  0   |   -282  -274   -52   -44     8    16    18    26  -152  -144   |   0   ||    87  |   0  1  1  0  0   |    -95   -35   -15   235   525   |   0   |  ERR
  |   178   |   0   |   1  0  0  1  0   |   -277  -269   -47   -39     3    11    23    31  -147  -139   |   0   ||    87  |   0  0  1  1  0   |    -90   -40   -20   240   530   |   0   |  ERR
  |   178   |   0   |   1  0  0  1  0   |   -282  -274   -42   -34     8    16    18    26  -142  -134   |   0   ||    87  |   0  0  1  1  0   |    -85   -35   -25   235   535   |   0   |  ERR
  |   179   |   0   |   0  1  0  0  1   |   -287  -279   -37   -29    13    21    13    21  -137  -129   |   0   ||    87  |   0  0  1  1  0   |    -80   -30   -30   230   540   |   0   |  ERR
  |   179   |   0   |   0  1  0  0  1   |   -292  -284   -32   -24     8    16     8    16  -132  -124   |   0   ||    88  |   1  0  0  1  1   |    -75   -25   -35   225   545   |   0   |  ERR
  |   179   |   0   |   0  1  0  0  1   |   -297  -289   -27   -19     3    11     3    11  -127  -119   |   0   ||    88  |   1  0  0  1  1   |    -70   -30   -40   230   550   |   0   |  ERR
  |   180   |   1   |   0  0  1  0  0   |   -302  -294   -22   -14    -2     6    -2     6  -122  -114   |   0   ||    88  |   1  1  0  0  1   |    -65   -35   -45   235   555   |   0   |  ERR
  |   180   |   1   |   0  0  1  0  0   |   -307  -299   -27   -19     3    11    -7     1  -127  -119   |   0   ||    88  |   1  1  0  0  1   |    -60   -30   -50   230   560   |   0   |  ERR
  |   181   |   1   |   1  0  0  1  0   |   -312  -304   -32   -24     8    16   -12    -4  -132  -124   |   0   ||    89  |   1  1  1  0  0   |    -55   -25   -55   225   565   |   0   |  ERR
  |   181   |   1   |   1  0  0  1  0   |   -307  -299   -37   -29     3    11    -7     1  -137  -129   |   0   ||    89  |   1  1  1  0  0   |    -50   -20   -50   220   560   |   0   |  ERR
  |   182   |   1   |   1  1  0  0  1   |   -302  -294   -42   -34    -2     6    -2     6  -142  -134   |   0   ||    89  |   1  1  1  1  0   |    -45   -15   -45   215   555   |   0   |  ERR
  |   182   |   1   |   1  1  0  0  1   |   -297  -289   -37   -29    -7     1    -7     1  -137  -129   |   0   ||    89  |   1  1  1  1  0   |    -40   -10   -40   220   550   |   0   |  ERR
  |   183   |   0   |   1  1  1  0  0   |   -292  -284   -32   -24   -12    -4   -12    -4  -132  -124   |   0   ||    90  |   0  1  1  1  1   |    -35    -5   -35   225   545   |   0   |  ERR
  |   183   |   0   |   1  1  1  0  0   |   -287  -279   -27   -19    -7     1   -17    -9  -137  -129   |   0   ||    90  |   0  1  1  1  1   |    -40     0   -30   230   550   |   0   |  ERR
  |   184   |   0   |   0  1  1  1  0   |   -282  -274   -22   -14    -2     6   -22   -14  -142  -134   |   0   ||    90  |   0  0  1  1  1   |    -45     5   -25   235   555   |   0   |  ERR
  |   184   |   0   |   0  1  1  1  0   |   -287  -279   -17    -9     3    11   -17    -9  -147  -139   |   0   ||    90  |   0  0  1  1  1   |    -50     0   -20   240   560   |   0   |  ERR
  |   185   |   0   |   0  0  1  1  1   |   -292  -284   -12    -4     8    16   -12    -4  -152  -144   |   0   ||    90  |   0  0  1  1  1   |    -55    -5   -15   245   565   |   0   |  ERR
errors: 398
--
DONE
