----------------
prog start
hv ver: 3.13
accu test 
	 code_len = 1023, chip_div = 1, spacing_len = 1, pcode[0] = 0x23C495A7 
	 code_ctrl = 0x000003FE
  |     0   |   1   |   0  0  0  0  0   |     -5    -5    -5    -5    -5    -5    -5    -5    -5    -5   |   0   ||     1  |   1  0  0  0  0   |     -1     3   -17    -9   -17    -9   -17    -9   -17    -9 
  |     0   |   1   |   0  0  0  0  0   |    -10   -10   -10   -10   -10   -10   -10   -10   -10   -10   |   0   ||     1  |   1  0  0  0  0   |      4     8   -22   -14   -22   -14   -22   -14   -22   -14 
  |     0   |   1   |   0  0  0  0  0   |     -5    -5    -5    -5    -5    -5    -5    -5    -5    -5   |   0   ||     1  |   1  0  0  0  0   |     -1     3   -17    -9   -17    -9   -17    -9   -17    -9 
  |     0   |   1   |   0  0  0  0  0   |      0     0     0     0     0     0     0     0     0     0   |   0   ||     2  |   1  1  0  0  0   |     -6    -2   -22   -14   -12    -4   -12    -4   -12    -4 
  |     0   |   1   |   0  0  0  0  0   |      5     5     5     5     5     5     5     5     5     5   |   0   ||     2  |   1  1  0  0  0   |    -11    -7   -27   -19    -7     1    -7     1    -7     1 
  |     1   |   1   |   1  0  0  0  0   |     10    10    10    10    10    10    10    10    10    10   |   0   ||     2  |   1  1  0  0  0   |    -16   -12   -32   -24    -2     6    -2     6    -2     6 
  |     1   |   1   |   1  0  0  0  0   |      5     5    15    15    15    15    15    15    15    15   |   0   ||     2  |   1  1  0  0  0   |    -21   -17   -37   -29     3    11     3    11     3    11 
  |     1   |   1   |   1  0  0  0  0   |      0     0    20    20    20    20    20    20    20    20   |   0   ||     3  |   0  1  1  0  0   |    -16   -12   -42   -34    -2     6     8    16     8    16 
  |     1   |   1   |   1  0  0  0  0   |     -5    -5    25    25    25    25    25    25    25    25   |   0   ||     3  |   0  1  1  0  0   |    -11    -7   -47   -39    -7     1    13    21    13    21 
  |     2   |   1   |   1  1  0  0  0   |    -10   -10    30    30    30    30    30    30    30    30   |   0   ||     3  |   0  1  1  0  0   |     -6    -2   -52   -44   -12    -4    18    26    18    26 
  |     2   |   1   |   1  1  0  0  0   |     -5    -5    35    35    25    25    25    25    25    25   |   0   ||     3  |   0  1  1  0  0   |    -11    -7   -47   -39    -7     1    13    21    13    21 
  |     2   |   1   |   1  1  0  0  0   |      0     0    40    40    20    20    20    20    20    20   |   0   ||     4  |   0  0  1  1  0   |    -16   -12   -52   -44    -2     6    18    26     8    16 
  |     2   |   1   |   1  1  0  0  0   |      5     5    45    45    15    15    15    15    15    15   |   0   ||     4  |   0  0  1  1  0   |    -21   -17   -57   -49     3    11    23    31     3    11 
  |     3   |   0   |   1  1  1  0  0   |     10    10    50    50    10    10    10    10    10    10   |   0   ||     4  |   0  0  1  1  0   |    -26   -22   -62   -54     8    16    28    36    -2     6 
  |     3   |   0   |   1  1  1  0  0   |     15    15    55    55    15    15     5     5     5     5   |   0   ||     4  |   0  0  1  1  0   |    -31   -27   -67   -59    13    21    33    41    -7     1 
  |     3   |   0   |   1  1  1  0  0   |     20    20    60    60    20    20     0     0     0     0   |   0   ||     5  |   1  0  0  1  1   |    -26   -22   -72   -64     8    16    38    46    -2     6 
  |     3   |   0   |   1  1  1  0  0   |     25    25    65    65    25    25    -5    -5    -5    -5   |   0   ||     5  |   1  0  0  1  1   |    -21   -17   -77   -69     3    11    43    51     3    11 
  |     4   |   0   |   0  1  1  1  0   |     30    30    70    70    30    30   -10   -10   -10   -10   |   0   ||     5  |   1  0  0  1  1   |    -16   -12   -82   -74    -2     6    48    56     8    16 
  |     4   |   0   |   0  1  1  1  0   |     35    35    65    65    25    25   -15   -15    -5    -5   |   0   ||     5  |   1  0  0  1  1   |    -21   -17   -77   -69     3    11    43    51     3    11 
  |     4   |   0   |   0  1  1  1  0   |     40    40    60    60    20    20   -20   -20     0     0   |   0   ||     6  |   0  1  0  0  1   |    -16   -12   -82   -74     8    16    48    56    -2     6 
  |     4   |   0   |   0  1  1  1  0   |     45    45    55    55    15    15   -25   -25     5     5   |   0   ||     6  |   0  1  0  0  1   |    -11    -7   -87   -79    13    21    53    61    -7     1 
  |     5   |   1   |   0  0  1  1  1   |     50    50    50    50    10    10   -30   -30    10    10   |   0   ||     6  |   0  1  0  0  1   |     -6    -2   -92   -84    18    26    58    66   -12    -4 
  |     5   |   1   |   0  0  1  1  1   |     45    45    45    45    15    15   -25   -25    15    15   |   0   ||     6  |   0  1  0  0  1   |    -11    -7   -87   -79    13    21    53    61    -7     1 
  |     5   |   1   |   0  0  1  1  1   |     40    40    40    40    20    20   -20   -20    20    20   |   0   ||     7  |   1  0  1  0  0   |     -6    -2   -92   -84    18    26    48    56   -12    -4 
  |     5   |   1   |   0  0  1  1  1   |     35    35    35    35    25    25   -15   -15    25    25   |   0   ||     7  |   1  0  1  0  0   |     -1     3   -97   -89    23    31    43    51   -17    -9 
  |     6   |   0   |   1  0  0  1  1   |     30    30    30    30    30    30   -10   -10    30    30   |   0   ||     7  |   1  0  1  0  0   |      4     8  -102   -94    28    36    38    46   -22   -14 
  |     6   |   0   |   1  0  0  1  1   |     25    25    35    35    35    35   -15   -15    25    25   |   0   ||     7  |   1  0  1  0  0   |     -1     3   -97   -89    23    31    43    51   -17    -9 
  |     6   |   0   |   1  0  0  1  1   |     20    20    40    40    40    40   -20   -20    20    20   |   0   ||     8  |   1  1  0  1  0   |     -6    -2  -102   -94    28    36    38    46   -12    -4 
  |     6   |   0   |   1  0  0  1  1   |     15    15    45    45    45    45   -25   -25    15    15   |   0   ||     8  |   1  1  0  1  0   |    -11    -7  -107   -99    33    41    33    41    -7     1 
  |     7   |   1   |   0  1  0  0  1   |     10    10    50    50    50    50   -30   -30    10    10   |   0   ||     8  |   1  1  0  1  0   |    -16   -12  -112  -104    38    46    28    36    -2     6 
  |     7   |   1   |   0  1  0  0  1   |     15    15    45    45    55    55   -25   -25     5     5   |   0   ||     8  |   1  1  0  1  0   |    -21   -17  -117  -109    43    51    23    31     3    11 
  |     7   |   1   |   0  1  0  0  1   |     20    20    40    40    60    60   -20   -20     0     0   |   0   ||     9  |   0  1  1  0  1   |    -16   -12  -122  -114    38    46    28    36    -2     6 
  |     7   |   1   |   0  1  0  0  1   |     25    25    35    35    65    65   -15   -15    -5    -5   |   0   ||     9  |   0  1  1  0  1   |    -11    -7  -127  -119    33    41    33    41    -7     1 
  |     8   |   1   |   1  0  1  0  0   |     30    30    30    30    70    70   -10   -10   -10   -10   |   0   ||     9  |   0  1  1  0  1   |     -6    -2  -132  -124    28    36    38    46   -12    -4 
  |     8   |   1   |   1  0  1  0  0   |     35    35    25    25    75    75   -15   -15   -15   -15   |   0   ||     9  |   0  1  1  0  1   |    -11    -7  -127  -119    33    41    33    41    -7     1 
  |     8   |   1   |   1  0  1  0  0   |     40    40    20    20    80    80   -20   -20   -20   -20   |   0   ||    10  |   1  0  1  1  0   |     -6    -2  -132  -124    38    46    38    46   -12    -4 
  |     8   |   1   |   1  0  1  0  0   |     45    45    15    15    85    85   -25   -25   -25   -25   |   0   ||    10  |   1  0  1  1  0   |     -1     3  -137  -129    43    51    43    51   -17    -9 
  |     9   |   0   |   1  1  0  1  0   |     50    50    10    10    90    90   -30   -30   -30   -30   |   0   ||    10  |   1  0  1  1  0   |      4     8  -142  -134    48    56    48    56   -22   -14 
  |     9   |   0   |   1  1  0  1  0   |     45    45     5     5    95    95   -35   -35   -25   -25   |   0   ||    10  |   1  0  1  1  0   |     -1     3  -137  -129    43    51    43    51   -17    -9 
  |     9   |   0   |   1  1  0  1  0   |     40    40     0     0   100   100   -40   -40   -20   -20   |   0   ||    11  |   0  1  0  1  1   |      4     8  -142  -134    48    56    38    46   -22   -14 
  |     9   |   0   |   1  1  0  1  0   |     35    35    -5    -5   105   105   -45   -45   -15   -15   |   0   ||    11  |   0  1  0  1  1   |      9    13  -147  -139    53    61    33    41   -27   -19 
  |    10   |   1   |   0  1  1  0  1   |     30    30   -10   -10   110   110   -50   -50   -10   -10   |   0   ||    11  |   0  1  0  1  1   |     14    18  -152  -144    58    66    28    36   -32   -24 
  |    10   |   1   |   0  1  1  0  1   |     25    25    -5    -5   115   115   -55   -55    -5    -5   |   0   ||    11  |   0  1  0  1  1   |      9    13  -147  -139    53    61    33    41   -27   -19 
  |    10   |   1   |   0  1  1  0  1   |     20    20     0     0   120   120   -60   -60     0     0   |   0   ||    12  |   1  0  1  0  1   |     14    18  -152  -144    58    66    28    36   -22   -14 
  |    10   |   1   |   0  1  1  0  1   |     15    15     5     5   125   125   -65   -65     5     5   |   0   ||    12  |   1  0  1  0  1   |     19    23  -157  -149    63    71    23    31   -17    -9 
  |    11   |   0   |   1  0  1  1  0   |     10    10    10    10   130   130   -70   -70    10    10   |   0   ||    12  |   1  0  1  0  1   |     24    28  -162  -154    68    76    18    26   -12    -4 
  |    11   |   0   |   1  0  1  1  0   |      5     5    15    15   125   125   -75   -75    15    15   |   0   ||    12  |   1  0  1  0  1   |     19    23  -157  -149    63    71    23    31   -17    -9 
  |    11   |   0   |   1  0  1  1  0   |      0     0    20    20   120   120   -80   -80    20    20   |   0   ||    13  |   0  1  0  1  0   |     24    28  -162  -154    68    76    18    26   -12    -4 
  |    11   |   0   |   1  0  1  1  0   |     -5    -5    25    25   115   115   -85   -85    25    25   |   0   ||    13  |   0  1  0  1  0   |     29    33  -167  -159    73    81    13    21    -7     1 
  |    12   |   1   |   0  1  0  1  1   |    -10   -10    30    30   110   110   -90   -90    30    30   |   0   ||    13  |   0  1  0  1  0   |     34    38  -172  -164    78    86     8    16    -2     6 
  |    12   |   1   |   0  1  0  1  1   |    -15   -15    35    35   105   105   -85   -85    35    35   |   0   ||    13  |   0  1  0  1  0   |     29    33  -167  -159    73    81    13    21    -7     1 
  |    12   |   1   |   0  1  0  1  1   |    -20   -20    40    40   100   100   -80   -80    40    40   |   0   ||    14  |   0  0  1  0  1   |     24    28  -172  -164    78    86     8    16    -2     6 
  |    12   |   1   |   0  1  0  1  1   |    -25   -25    45    45    95    95   -75   -75    45    45   |   0   ||    14  |   0  0  1  0  1   |     19    23  -177  -169    83    91     3    11     3    11 
  |    13   |   0   |   1  0  1  0  1   |    -30   -30    50    50    90    90   -70   -70    50    50   |   0   ||    14  |   0  0  1  0  1   |     14    18  -182  -174    88    96    -2     6     8    16 
  |    13   |   0   |   1  0  1  0  1   |    -25   -25    45    45    95    95   -75   -75    55    55   |   0   ||    14  |   0  0  1  0  1   |      9    13  -187  -179    93   101    -7     1    13    21 
  |    13   |   0   |   1  0  1  0  1   |    -20   -20    40    40   100   100   -80   -80    60    60   |   0   ||    15  |   1  0  0  1  0   |     14    18  -192  -184    88    96    -2     6     8    16 
  |    13   |   0   |   1  0  1  0  1   |    -15   -15    35    35   105   105   -85   -85    65    65   |   0   ||    15  |   1  0  0  1  0   |     19    23  -197  -189    83    91     3    11     3    11 
  |    14   |   0   |   0  1  0  1  0   |    -10   -10    30    30   110   110   -90   -90    70    70   |   0   ||    15  |   1  0  0  1  0   |     24    28  -202  -194    78    86     8    16    -2     6 
  |    14   |   0   |   0  1  0  1  0   |     -5    -5    25    25   115   115   -95   -95    75    75   |   0   ||    15  |   1  0  0  1  0   |     19    23  -197  -189    83    91     3    11     3    11 
  |    14   |   0   |   0  1  0  1  0   |      0     0    20    20   120   120  -100  -100    80    80   |   0   ||    16  |   0  1  0  0  1   |     24    28  -202  -194    88    96     8    16    -2     6 
  |    14   |   0   |   0  1  0  1  0   |      5     5    15    15   125   125  -105  -105    85    85   |   0   ||    16  |   0  1  0  0  1   |     29    33  -207  -199    93   101    13    21    -7     1 
  |    15   |   1   |   0  0  1  0  1   |     10    10    10    10   130   130  -110  -110    90    90   |   0   ||    16  |   0  1  0  0  1   |     34    38  -212  -204    98   106    18    26   -12    -4 
  |    15   |   1   |   0  0  1  0  1   |      5     5     5     5   135   135  -115  -115    95    95   |   0   ||    16  |   0  1  0  0  1   |     29    33  -207  -199    93   101    13    21    -7     1 
  |    15   |   1   |   0  0  1  0  1   |      0     0     0     0   140   140  -120  -120   100   100   |   0   ||    17  |   0  0  1  0  0   |     24    28  -212  -204    98   106     8    16   -12    -4 
  |    15   |   1   |   0  0  1  0  1   |     -5    -5    -5    -5   145   145  -125  -125   105   105   |   0   ||    17  |   0  0  1  0  0   |     19    23  -217  -209   103   111     3    11   -17    -9 
  |    16   |   0   |   1  0  0  1  0   |    -10   -10   -10   -10   150   150  -130  -130   110   110   |   0   ||    17  |   0  0  1  0  0   |     14    18  -222  -214   108   116    -2     6   -22   -14 
  |    16   |   0   |   1  0  0  1  0   |     -5    -5   -15   -15   145   145  -125  -125   105   105   |   0   ||    17  |   0  0  1  0  0   |      9    13  -227  -219   113   121    -7     1   -27   -19 
  |    16   |   0   |   1  0  0  1  0   |      0     0   -20   -20   140   140  -120  -120   100   100   |   0   ||    18  |   1  0  0  1  0   |     14    18  -232  -224   108   116    -2     6   -32   -24 
  |    16   |   0   |   1  0  0  1  0   |      5     5   -25   -25   135   135  -115  -115    95    95   |   0   ||    18  |   1  0  0  1  0   |     19    23  -237  -229   103   111     3    11   -37   -29 
  |    17   |   0   |   0  1  0  0  1   |     10    10   -30   -30   130   130  -110  -110    90    90   |   0   ||    18  |   1  0  0  1  0   |     24    28  -242  -234    98   106     8    16   -42   -34 
  |    17   |   0   |   0  1  0  0  1   |     15    15   -35   -35   135   135  -105  -105    85    85   |   0   ||    18  |   1  0  0  1  0   |     19    23  -237  -229   103   111     3    11   -37   -29 
  |    17   |   0   |   0  1  0  0  1   |     20    20   -40   -40   140   140  -100  -100    80    80   |   0   ||    19  |   0  1  0  0  1   |     24    28  -242  -234   108   116     8    16   -42   -34 
  |    17   |   0   |   0  1  0  0  1   |     25    25   -45   -45   145   145   -95   -95    75    75   |   0   ||    19  |   0  1  0  0  1   |     29    33  -247  -239   113   121    13    21   -47   -39 
  |    18   |   1   |   0  0  1  0  0   |     30    30   -50   -50   150   150   -90   -90    70    70   |   0   ||    19  |   0  1  0  0  1   |     34    38  -252  -244   118   126    18    26   -52   -44 
  |    18   |   1   |   0  0  1  0  0   |     25    25   -55   -55   155   155   -95   -95    65    65   |   0   ||    19  |   0  1  0  0  1   |     29    33  -247  -239   113   121    13    21   -47   -39 
  |    18   |   1   |   0  0  1  0  0   |     20    20   -60   -60   160   160  -100  -100    60    60   |   0   ||    20  |   0  0  1  0  0   |     24    28  -252  -244   118   126     8    16   -52   -44 
  |    18   |   1   |   0  0  1  0  0   |     15    15   -65   -65   165   165  -105  -105    55    55   |   0   ||    20  |   0  0  1  0  0   |     19    23  -257  -249   123   131     3    11   -57   -49 
  |    19   |   0   |   1  0  0  1  0   |     10    10   -70   -70   170   170  -110  -110    50    50   |   0   ||    20  |   0  0  1  0  0   |     14    18  -262  -254   128   136    -2     6   -62   -54 
  |    19   |   0   |   1  0  0  1  0   |     15    15   -75   -75   165   165  -105  -105    45    45   |   0   ||    20  |   0  0  1  0  0   |      9    13  -267  -259   133   141    -7     1   -67   -59 
  |    19   |   0   |   1  0  0  1  0   |     20    20   -80   -80   160   160  -100  -100    40    40   |   0   ||    21  |   0  0  0  1  0   |      4     8  -272  -264   128   136    -2     6   -72   -64 
  |    19   |   0   |   1  0  0  1  0   |     25    25   -85   -85   155   155   -95   -95    35    35   |   0   ||    21  |   0  0  0  1  0   |     -1     3  -277  -269   123   131     3    11   -77   -69 
  |    20   |   0   |   0  1  0  0  1   |     30    30   -90   -90   150   150   -90   -90    30    30   |   0   ||    21  |   0  0  0  1  0   |     -6    -2  -282  -274   118   126     8    16   -82   -74 
  |    20   |   0   |   0  1  0  0  1   |     25    25   -85   -85   145   145   -95   -95    35    35   |   0   ||    21  |   0  0  0  1  0   |    -11    -7  -287  -279   113   121    13    21   -87   -79 
  |    20   |   0   |   0  1  0  0  1   |     20    20   -80   -80   140   140  -100  -100    40    40   |   0   ||    22  |   1  0  0  0  1   |     -6    -2  -292  -284   108   116     8    16   -82   -74 
  |    20   |   0   |   0  1  0  0  1   |     15    15   -75   -75   135   135  -105  -105    45    45   |   0   ||    22  |   1  0  0  0  1   |     -1     3  -297  -289   103   111     3    11   -77   -69 
  |    21   |   0   |   0  0  1  0  0   |     10    10   -70   -70   130   130  -110  -110    50    50   |   0   ||    22  |   1  0  0  0  1   |      4     8  -302  -294    98   106    -2     6   -72   -64 
  |    21   |   0   |   0  0  1  0  0   |     15    15   -65   -65   125   125  -105  -105    55    55   |   0   ||    22  |   1  0  0  0  1   |     -1     3  -297  -289   103   111     3    11   -77   -69 
  |    21   |   0   |   0  0  1  0  0   |     20    20   -60   -60   120   120  -100  -100    60    60   |   0   ||    23  |   1  1  0  0  0   |     -6    -2  -302  -294   108   116     8    16   -72   -64 
  |    21   |   0   |   0  0  1  0  0   |     25    25   -55   -55   115   115   -95   -95    65    65   |   0   ||    23  |   1  1  0  0  0   |    -11    -7  -307  -299   113   121    13    21   -67   -59 
  |    22   |   1   |   0  0  0  1  0   |     30    30   -50   -50   110   110   -90   -90    70    70   |   0   ||    23  |   1  1  0  0  0   |    -16   -12  -312  -304   118   126    18    26   -62   -54 
  |    22   |   1   |   0  0  0  1  0   |     35    35   -45   -45   115   115   -95   -95    75    75   |   0   ||    23  |   1  1  0  0  0   |    -21   -17  -317  -309   123   131    23    31   -57   -49 
  |    22   |   1   |   0  0  0  1  0   |     40    40   -40   -40   120   120  -100  -100    80    80   |   0   ||    24  |   1  1  1  0  0   |    -26   -22  -322  -314   118   126    28    36   -52   -44 
  |    22   |   1   |   0  0  0  1  0   |     45    45   -35   -35   125   125  -105  -105    85    85   |   0   ||    24  |   1  1  1  0  0   |    -31   -27  -327  -319   113   121    33    41   -47   -39 
  |    23   |   1   |   1  0  0  0  1   |     50    50   -30   -30   130   130  -110  -110    90    90   |   0   ||    24  |   1  1  1  0  0   |    -36   -32  -332  -324   108   116    38    46   -42   -34 
  |    23   |   1   |   1  0  0  0  1   |     45    45   -25   -25   135   135  -105  -105    85    85   |   0   ||    24  |   1  1  1  0  0   |    -41   -37  -337  -329   103   111    43    51   -37   -29 
  |    23   |   1   |   1  0  0  0  1   |     40    40   -20   -20   140   140  -100  -100    80    80   |   0   ||    25  |   1  1  1  1  0   |    -46   -42  -342  -334    98   106    38    46   -32   -24 
  |    23   |   1   |   1  0  0  0  1   |     35    35   -15   -15   145   145   -95   -95    75    75   |   0   ||    25  |   1  1  1  1  0   |    -51   -47  -347  -339    93   101    33    41   -27   -19 
  |    24   |   1   |   1  1  0  0  0   |     30    30   -10   -10   150   150   -90   -90    70    70   |   0   ||    25  |   1  1  1  1  0   |    -56   -52  -352  -344    88    96    28    36   -22   -14 
  |    24   |   1   |   1  1  0  0  0   |     25    25   -15   -15   155   155   -85   -85    75    75   |   0   ||    25  |   1  1  1  1  0   |    -61   -57  -357  -349    83    91    23    31   -17    -9 
  |    24   |   1   |   1  1  0  0  0   |     20    20   -20   -20   160   160   -80   -80    80    80   |   0   ||    26  |   0  1  1  1  1   |    -56   -52  -362  -354    78    86    18    26   -22   -14 
  |    24   |   1   |   1  1  0  0  0   |     15    15   -25   -25   165   165   -75   -75    85    85   |   0   ||    26  |   0  1  1  1  1   |    -51   -47  -367  -359    73    81    13    21   -27   -19 
  |    25   |   1   |   1  1  1  0  0   |     10    10   -30   -30   170   170   -70   -70    90    90   |   0   ||    26  |   0  1  1  1  1   |    -46   -42  -372  -364    68    76     8    16   -32   -24 
  |    25   |   1   |   1  1  1  0  0   |     15    15   -25   -25   175   175   -75   -75    85    85   |   0   ||    26  |   0  1  1  1  1   |    -51   -47  -367  -359    73    81    13    21   -27   -19 
  |    25   |   1   |   1  1  1  0  0   |     20    20   -20   -20   180   180   -80   -80    80    80   |   0   ||    27  |   0  0  1  1  1   |    -56   -52  -372  -364    78    86    18    26   -22   -14 
  |    25   |   1   |   1  1  1  0  0   |     25    25   -15   -15   185   185   -85   -85    75    75   |   0   ||    27  |   0  0  1  1  1   |    -61   -57  -377  -369    83    91    23    31   -17    -9 
  |    26   |   0   |   1  1  1  1  0   |     30    30   -10   -10   190   190   -90   -90    70    70   |   0   ||    27  |   0  0  1  1  1   |    -66   -62  -382  -374    88    96    28    36   -12    -4 
  |    26   |   0   |   1  1  1  1  0   |     35    35    -5    -5   195   195   -85   -85    65    65   |   0   ||    27  |   0  0  1  1  1   |    -71   -67  -387  -379    93   101    33    41    -7     1 
  |    26   |   0   |   1  1  1  1  0   |     40    40     0     0   200   200   -80   -80    60    60   |   0   ||    28  |   0  0  0  1  1   |    -76   -72  -392  -384    88    96    38    46    -2     6 
  |    26   |   0   |   1  1  1  1  0   |     45    45     5     5   205   205   -75   -75    55    55   |   0   ||    28  |   0  0  0  1  1   |    -81   -77  -397  -389    83    91    43    51     3    11 
  |    27   |   0   |   0  1  1  1  1   |     50    50    10    10   210   210   -70   -70    50    50   |   0   ||    28  |   0  0  0  1  1   |    -86   -82  -402  -394    78    86    48    56     8    16 
  |    27   |   0   |   0  1  1  1  1   |     45    45    15    15   215   215   -65   -65    55    55   |   0   ||    28  |   0  0  0  1  1   |    -91   -87  -407  -399    73    81    53    61    13    21 
  |    27   |   0   |   0  1  1  1  1   |     40    40    20    20   220   220   -60   -60    60    60   |   0   ||    29  |   1  0  0  0  1   |    -86   -82  -412  -404    68    76    48    56    18    26 
  |    27   |   0   |   0  1  1  1  1   |     35    35    25    25   225   225   -55   -55    65    65   |   0   ||    29  |   1  0  0  0  1   |    -81   -77  -417  -409    63    71    43    51    23    31 
  |    28   |   0   |   0  0  1  1  1   |     30    30    30    30   230   230   -50   -50    70    70   |   0   ||    29  |   1  0  0  0  1   |    -76   -72  -422  -414    58    66    38    46    28    36 
  |    28   |   0   |   0  0  1  1  1   |     35    35    35    35   225   225   -55   -55    65    65   |   0   ||    29  |   1  0  0  0  1   |    -81   -77  -417  -409    63    71    43    51    23    31 
  |    28   |   0   |   0  0  1  1  1   |     40    40    40    40   220   220   -60   -60    60    60   |   0   ||    30  |   0  1  0  0  0   |    -76   -72  -422  -414    68    76    48    56    28    36 
  |    28   |   0   |   0  0  1  1  1   |     45    45    45    45   215   215   -65   -65    55    55   |   0   ||    30  |   0  1  0  0  0   |    -71   -67  -427  -419    73    81    53    61    33    41 
  |    29   |   1   |   0  0  0  1  1   |     50    50    50    50   210   210   -70   -70    50    50   |   0   ||    30  |   0  1  0  0  0   |    -66   -62  -432  -424    78    86    58    66    38    46 
  |    29   |   1   |   0  0  0  1  1   |     45    45    45    45   205   205   -65   -65    55    55   |   0   ||    30  |   0  1  0  0  0   |    -71   -67  -427  -419    73    81    53    61    33    41 
  |    29   |   1   |   0  0  0  1  1   |     40    40    40    40   200   200   -60   -60    60    60   |   0   ||    31  |   0  0  1  0  0   |    -76   -72  -432  -424    78    86    48    56    28    36 
  |    29   |   1   |   0  0  0  1  1   |     35    35    35    35   195   195   -55   -55    65    65   |   0   ||    31  |   0  0  1  0  0   |    -81   -77  -437  -429    83    91    43    51    23    31 
  |    30   |   0   |   1  0  0  0  1   |     30    30    30    30   190   190   -50   -50    70    70   |   0   ||    31  |   0  0  1  0  0   |    -86   -82  -442  -434    88    96    38    46    18    26 
  |    30   |   0   |   1  0  0  0  1   |     35    35    25    25   185   185   -55   -55    75    75   |   0   ||    31  |   0  0  1  0  0   |    -91   -87  -447  -439    93   101    33    41    13    21 
  |    30   |   0   |   1  0  0  0  1   |     40    40    20    20   180   180   -60   -60    80    80   |   0   ||    32  |   0  0  0  1  0   |    -96   -92  -452  -444    88    96    38    46     8    16 
  |    30   |   0   |   1  0  0  0  1   |     45    45    15    15   175   175   -65   -65    85    85   |   0   ||    32  |   0  0  0  1  0   |   -101   -97  -457  -449    83    91    43    51     3    11 
  |    31   |   0   |   0  1  0  0  0   |     50    50    10    10   170   170   -70   -70    90    90   |   0   ||    32  |   0  0  0  1  0   |   -106  -102  -462  -454    78    86    48    56    -2     6 
  |    31   |   0   |   0  1  0  0  0   |     45    45    15    15   165   165   -75   -75    85    85   |   0   ||    32  |   0  0  0  1  0   |   -111  -107  -467  -459    73    81    53    61    -7     1 
  |    31   |   0   |   0  1  0  0  0   |     40    40    20    20   160   160   -80   -80    80    80   |   0   ||    33  |   1  0  0  0  1   |   -106  -102  -472  -464    68    76    48    56    -2     6 
  |    31   |   0   |   0  1  0  0  0   |     35    35    25    25   155   155   -85   -85    75    75   |   0   ||    33  |   1  0  0  0  1   |   -101   -97  -477  -469    63    71    43    51     3    11 
  |    32   |   0   |   0  0  1  0  0   |     30    30    30    30   150   150   -90   -90    70    70   |   0   ||    33  |   1  0  0  0  1   |    -96   -92  -482  -474    58    66    38    46     8    16 
  |    32   |   0   |   0  0  1  0  0   |     35    35    35    35   145   145   -85   -85    75    75   |   0   ||    33  |   1  0  0  0  1   |   -101   -97  -477  -469    63    71    43    51     3    11 
  |    32   |   0   |   0  0  1  0  0   |     40    40    40    40   140   140   -80   -80    80    80   |   0   ||    34  |   0  1  0  0  0   |    -96   -92  -482  -474    68    76    48    56     8    16 
  |    32   |   0   |   0  0  1  0  0   |     45    45    45    45   135   135   -75   -75    85    85   |   0   ||    34  |   0  1  0  0  0   |    -91   -87  -487  -479    73    81    53    61    13    21 
  |    33   |   1   |   0  0  0  1  0   |     50    50    50    50   130   130   -70   -70    90    90   |   0   ||    34  |   0  1  0  0  0   |    -86   -82  -492  -484    78    86    58    66    18    26 
  |    33   |   1   |   0  0  0  1  0   |     45    45    45    45   125   125   -65   -65    85    85   |   0   ||    34  |   0  1  0  0  0   |    -91   -87  -487  -479    73    81    53    61    13    21 
  |    33   |   1   |   0  0  0  1  0   |     40    40    40    40   120   120   -60   -60    80    80   |   0   ||    35  |   1  0  1  0  0   |    -86   -82  -492  -484    78    86    48    56     8    16 
  |    33   |   1   |   0  0  0  1  0   |     35    35    35    35   115   115   -55   -55    75    75   |   0   ||    35  |   1  0  1  0  0   |    -81   -77  -497  -489    83    91    43    51     3    11 
  |    34   |   0   |   1  0  0  0  1   |     30    30    30    30   110   110   -50   -50    70    70   |   0   ||    35  |   1  0  1  0  0   |    -76   -72  -502  -494    88    96    38    46    -2     6 
  |    34   |   0   |   1  0  0  0  1   |     25    25    35    35   115   115   -45   -45    65    65   |   0   ||    35  |   1  0  1  0  0   |    -81   -77  -497  -489    83    91    43    51     3    11 
  |    34   |   0   |   1  0  0  0  1   |     20    20    40    40   120   120   -40   -40    60    60   |   0   ||    36  |   0  1  0  1  0   |    -76   -72  -502  -494    88    96    38    46     8    16 
  |    34   |   0   |   1  0  0  0  1   |     15    15    45    45   125   125   -35   -35    55    55   |   0   ||    36  |   0  1  0  1  0   |    -71   -67  -507  -499    93   101    33    41    13    21 
  |    35   |   1   |   0  1  0  0  0   |     10    10    50    50   130   130   -30   -30    50    50   |   0   ||    36  |   0  1  0  1  0   |    -66   -62  -512  -504    98   106    28    36    18    26 
  |    35   |   1   |   0  1  0  0  0   |      5     5    55    55   125   125   -35   -35    45    45   |   0   ||    36  |   0  1  0  1  0   |    -71   -67  -507  -499    93   101    33    41    13    21 
  |    35   |   1   |   0  1  0  0  0   |      0     0    60    60   120   120   -40   -40    40    40   |   0   ||    37  |   1  0  1  0  1   |    -66   -62  -512  -504    98   106    28    36    18    26 
  |    35   |   1   |   0  1  0  0  0   |     -5    -5    65    65   115   115   -45   -45    35    35   |   0   ||    37  |   1  0  1  0  1   |    -61   -57  -517  -509   103   111    23    31    23    31 
  |    36   |   0   |   1  0  1  0  0   |    -10   -10    70    70   110   110   -50   -50    30    30   |   0   ||    37  |   1  0  1  0  1   |    -56   -52  -522  -514   108   116    18    26    28    36 
  |    36   |   0   |   1  0  1  0  0   |    -15   -15    75    75   105   105   -45   -45    35    35   |   0   ||    37  |   1  0  1  0  1   |    -61   -57  -517  -509   103   111    23    31    23    31 
  |    36   |   0   |   1  0  1  0  0   |    -20   -20    80    80   100   100   -40   -40    40    40   |   0   ||    38  |   1  1  0  1  0   |    -66   -62  -522  -514   108   116    18    26    28    36 
  |    36   |   0   |   1  0  1  0  0   |    -25   -25    85    85    95    95   -35   -35    45    45   |   0   ||    38  |   1  1  0  1  0   |    -71   -67  -527  -519   113   121    13    21    33    41 
  |    37   |   1   |   0  1  0  1  0   |    -30   -30    90    90    90    90   -30   -30    50    50   |   0   ||    38  |   1  1  0  1  0   |    -76   -72  -532  -524   118   126     8    16    38    46 
  |    37   |   1   |   0  1  0  1  0   |    -25   -25    85    85    95    95   -35   -35    55    55   |   0   ||    38  |   1  1  0  1  0   |    -81   -77  -537  -529   123   131     3    11    43    51 
  |    37   |   1   |   0  1  0  1  0   |    -20   -20    80    80   100   100   -40   -40    60    60   |   0   ||    39  |   0  1  1  0  1   |    -76   -72  -542  -534   118   126     8    16    38    46 
  |    37   |   1   |   0  1  0  1  0   |    -15   -15    75    75   105   105   -45   -45    65    65   |   0   ||    39  |   0  1  1  0  1   |    -71   -67  -547  -539   113   121    13    21    33    41 
  |    38   |   1   |   1  0  1  0  1   |    -10   -10    70    70   110   110   -50   -50    70    70   |   0   ||    39  |   0  1  1  0  1   |    -66   -62  -552  -544   108   116    18    26    28    36 
  |    38   |   1   |   1  0  1  0  1   |     -5    -5    65    65   115   115   -55   -55    75    75   |   0   ||    39  |   0  1  1  0  1   |    -71   -67  -547  -539   113   121    13    21    33    41 
  |    38   |   1   |   1  0  1  0  1   |      0     0    60    60   120   120   -60   -60    80    80   |   0   ||    40  |   1  0  1  1  0   |    -66   -62  -552  -544   118   126    18    26    28    36 
  |    38   |   1   |   1  0  1  0  1   |      5     5    55    55   125   125   -65   -65    85    85   |   0   ||    40  |   1  0  1  1  0   |    -61   -57  -557  -549   123   131    23    31    23    31 
  |    39   |   0   |   1  1  0  1  0   |     10    10    50    50   130   130   -70   -70    90    90   |   0   ||    40  |   1  0  1  1  0   |    -56   -52  -562  -554   128   136    28    36    18    26 
  |    39   |   0   |   1  1  0  1  0   |      5     5    45    45   135   135   -75   -75    95    95   |   0   ||    40  |   1  0  1  1  0   |    -61   -57  -557  -549   123   131    23    31    23    31 
  |    39   |   0   |   1  1  0  1  0   |      0     0    40    40   140   140   -80   -80   100   100   |   0   ||    41  |   0  1  0  1  1   |    -56   -52  -562  -554   128   136    18    26    18    26 
  |    39   |   0   |   1  1  0  1  0   |     -5    -5    35    35   145   145   -85   -85   105   105   |   0   ||    41  |   0  1  0  1  1   |    -51   -47  -567  -559   133   141    13    21    13    21 
  |    40   |   1   |   0  1  1  0  1   |    -10   -10    30    30   150   150   -90   -90   110   110   |   0   ||    41  |   0  1  0  1  1   |    -46   -42  -572  -564   138   146     8    16     8    16 
  |    40   |   1   |   0  1  1  0  1   |    -15   -15    35    35   155   155   -95   -95   115   115   |   0   ||    41  |   0  1  0  1  1   |    -51   -47  -567  -559   133   141    13    21    13    21 
  |    40   |   1   |   0  1  1  0  1   |    -20   -20    40    40   160   160  -100  -100   120   120   |   0   ||    42  |   1  0  1  0  1   |    -46   -42  -572  -564   138   146     8    16    18    26 
  |    40   |   1   |   0  1  1  0  1   |    -25   -25    45    45   165   165  -105  -105   125   125   |   0   ||    42  |   1  0  1  0  1   |    -41   -37  -577  -569   143   151     3    11    23    31 
  |    41   |   0   |   1  0  1  1  0   |    -30   -30    50    50   170   170  -110  -110   130   130   |   0   ||    42  |   1  0  1  0  1   |    -36   -32  -582  -574   148   156    -2     6    28    36 
  |    41   |   0   |   1  0  1  1  0   |    -35   -35    55    55   165   165  -115  -115   135   135   |   0   ||    42  |   1  0  1  0  1   |    -41   -37  -577  -569   143   151     3    11    23    31 
  |    41   |   0   |   1  0  1  1  0   |    -40   -40    60    60   160   160  -120  -120   140   140   |   0   ||    43  |   1  1  0  1  0   |    -46   -42  -582  -574   148   156    -2     6    28    36 
  |    41   |   0   |   1  0  1  1  0   |    -45   -45    65    65   155   155  -125  -125   145   145   |   0   ||    43  |   1  1  0  1  0   |    -51   -47  -587  -579   153   161    -7     1    33    41 
  |    42   |   1   |   0  1  0  1  1   |    -50   -50    70    70   150   150  -130  -130   150   150   |   0   ||    43  |   1  1  0  1  0   |    -56   -52  -592  -584   158   166   -12    -4    38    46 
  |    42   |   1   |   0  1  0  1  1   |    -45   -45    65    65   155   155  -135  -135   145   145   |   0   ||    43  |   1  1  0  1  0   |    -61   -57  -597  -589   163   171   -17    -9    43    51 
  |    42   |   1   |   0  1  0  1  1   |    -40   -40    60    60   160   160  -140  -140   140   140   |   0   ||    44  |   0  1  1  0  1   |    -56   -52  -602  -594   158   166   -12    -4    38    46 
  |    42   |   1   |   0  1  0  1  1   |    -35   -35    55    55   165   165  -145  -145   135   135   |   0   ||    44  |   0  1  1  0  1   |    -51   -47  -607  -599   153   161    -7     1    33    41 
  |    43   |   1   |   1  0  1  0  1   |    -30   -30    50    50   170   170  -150  -150   130   130   |   0   ||    44  |   0  1  1  0  1   |    -46   -42  -612  -604   148   156    -2     6    28    36 
  |    43   |   1   |   1  0  1  0  1   |    -25   -25    45    45   175   175  -155  -155   135   135   |   0   ||    44  |   0  1  1  0  1   |    -51   -47  -607  -599   153   161    -7     1    33    41 
  |    43   |   1   |   1  0  1  0  1   |    -20   -20    40    40   180   180  -160  -160   140   140   |   0   ||    45  |   1  0  1  1  0   |    -46   -42  -612  -604   158   166    -2     6    28    36 
  |    43   |   1   |   1  0  1  0  1   |    -15   -15    35    35   185   185  -165  -165   145   145   |   0   ||    45  |   1  0  1  1  0   |    -41   -37  -617  -609   163   171     3    11    23    31 
  |    44   |   0   |   1  1  0  1  0   |    -10   -10    30    30   190   190  -170  -170   150   150   |   0   ||    45  |   1  0  1  1  0   |    -36   -32  -622  -614   168   176     8    16    18    26 
  |    44   |   0   |   1  1  0  1  0   |    -15   -15    25    25   195   195  -175  -175   155   155   |   0   ||    45  |   1  0  1  1  0   |    -41   -37  -617  -609   163   171     3    11    23    31 
  |    44   |   0   |   1  1  0  1  0   |    -20   -20    20    20   200   200  -180  -180   160   160   |   0   ||    46  |   0  1  0  1  1   |    -36   -32  -622  -614   168   176    -2     6    18    26 
  |    44   |   0   |   1  1  0  1  0   |    -25   -25    15    15   205   205  -185  -185   165   165   |   0   ||    46  |   0  1  0  1  1   |    -31   -27  -627  -619   173   181    -7     1    13    21 
  |    45   |   1   |   0  1  1  0  1   |    -30   -30    10    10   210   210  -190  -190   170   170   |   0   ||    46  |   0  1  0  1  1   |    -26   -22  -632  -624   178   186   -12    -4     8    16 
  |    45   |   1   |   0  1  1  0  1   |    -35   -35    15    15   215   215  -195  -195   175   175   |   0   ||    46  |   0  1  0  1  1   |    -31   -27  -627  -619   173   181    -7     1    13    21 
  |    45   |   1   |   0  1  1  0  1   |    -40   -40    20    20   220   220  -200  -200   180   180   |   0   ||    47  |   1  0  1  0  1   |    -26   -22  -632  -624   178   186   -12    -4    18    26 
  |    45   |   1   |   0  1  1  0  1   |    -45   -45    25    25   225   225  -205  -205   185   185   |   0   ||    47  |   1  0  1  0  1   |    -21   -17  -637  -629   183   191   -17    -9    23    31 
  |    46   |   0   |   1  0  1  1  0   |    -50   -50    30    30   230   230  -210  -210   190   190   |   0   ||    47  |   1  0  1  0  1   |    -16   -12  -642  -634   188   196   -22   -14    28    36 
  |    46   |   0   |   1  0  1  1  0   |    -55   -55    35    35   225   225  -215  -215   195   195   |   0   ||    47  |   1  0  1  0  1   |    -21   -17  -637  -629   183   191   -17    -9    23    31 
  |    46   |   0   |   1  0  1  1  0   |    -60   -60    40    40   220   220  -220  -220   200   200   |   0   ||    48  |   0  1  0  1  0   |    -16   -12  -642  -634   188   196   -22   -14    28    36 
  |    46   |   0   |   1  0  1  1  0   |    -65   -65    45    45   215   215  -225  -225   205   205   |   0   ||    48  |   0  1  0  1  0   |    -11    -7  -647  -639   193   201   -27   -19    33    41 
  |    47   |   1   |   0  1  0  1  1   |    -70   -70    50    50   210   210  -230  -230   210   210   |   0   ||    48  |   0  1  0  1  0   |     -6    -2  -652  -644   198   206   -32   -24    38    46 
  |    47   |   1   |   0  1  0  1  1   |    -75   -75    55    55   205   205  -225  -225   215   215   |   0   ||    48  |   0  1  0  1  0   |    -11    -7  -647  -639   193   201   -27   -19    33    41 
  |    47   |   1   |   0  1  0  1  1   |    -80   -80    60    60   200   200  -220  -220   220   220   |   0   ||    49  |   0  0  1  0  1   |    -16   -12  -652  -644   198   206   -32   -24    38    46 
  |    47   |   1   |   0  1  0  1  1   |    -85   -85    65    65   195   195  -215  -215   225   225   |   0   ||    49  |   0  0  1  0  1   |    -21   -17  -657  -649   203   211   -37   -29    43    51 
  |    48   |   0   |   1  0  1  0  1   |    -90   -90    70    70   190   190  -210  -210   230   230   |   0   ||    49  |   0  0  1  0  1   |    -26   -22  -662  -654   208   216   -42   -34    48    56 
  |    48   |   0   |   1  0  1  0  1   |    -85   -85    65    65   195   195  -215  -215   235   235   |   0   ||    49  |   0  0  1  0  1   |    -31   -27  -667  -659   213   221   -47   -39    53    61 
  |    48   |   0   |   1  0  1  0  1   |    -80   -80    60    60   200   200  -220  -220   240   240   |   0   ||    50  |   0  0  0  1  0   |    -36   -32  -672  -664   208   216   -42   -34    48    56 
  |    48   |   0   |   1  0  1  0  1   |    -75   -75    55    55   205   205  -225  -225   245   245   |   0   ||    50  |   0  0  0  1  0   |    -41   -37  -677  -669   203   211   -37   -29    43    51 
  |    49   |   0   |   0  1  0  1  0   |    -70   -70    50    50   210   210  -230  -230   250   250   |   0   ||    50  |   0  0  0  1  0   |    -46   -42  -682  -674   198   206   -32   -24    38    46 
  |    49   |   0   |   0  1  0  1  0   |    -75   -75    55    55   205   205  -225  -225   245   245   |   0   ||    50  |   0  0  0  1  0   |    -51   -47  -687  -679   193   201   -27   -19    33    41 
  |    49   |   0   |   0  1  0  1  0   |    -80   -80    60    60   200   200  -220  -220   240   240   |   0   ||    51  |   0  0  0  0  1   |    -56   -52  -692  -684   188   196   -32   -24    38    46 
  |    49   |   0   |   0  1  0  1  0   |    -85   -85    65    65   195   195  -215  -215   235   235   |   0   ||    51  |   0  0  0  0  1   |    -61   -57  -697  -689   183   191   -37   -29    43    51 
  |    50   |   0   |   0  0  1  0  1   |    -90   -90    70    70   190   190  -210  -210   230   230   |   0   ||    51  |   0  0  0  0  1   |    -66   -62  -702  -694   178   186   -42   -34    48    56 
  |    50   |   0   |   0  0  1  0  1   |    -95   -95    65    65   195   195  -215  -215   235   235   |   0   ||    51  |   0  0  0  0  1   |    -71   -67  -707  -699   173   181   -47   -39    53    61 
  |    50   |   0   |   0  0  1  0  1   |   -100  -100    60    60   200   200  -220  -220   240   240   |   0   ||    52  |   0  0  0  0  0   |    -76   -72  -712  -704   168   176   -52   -44    48    56 
  |    50   |   0   |   0  0  1  0  1   |   -105  -105    55    55   205   205  -225  -225   245   245   |   0   ||    52  |   0  0  0  0  0   |    -81   -77  -717  -709   163   171   -57   -49    43    51 
  |    51   |   0   |   0  0  0  1  0   |   -110  -110    50    50   210   210  -230  -230   250   250   |   0   ||    52  |   0  0  0  0  0   |    -86   -82  -722  -714   158   166   -62   -54    38    46 
  |    51   |   0   |   0  0  0  1  0   |   -115  -115    45    45   205   205  -225  -225   245   245   |   0   ||    52  |   0  0  0  0  0   |    -91   -87  -727  -719   153   161   -67   -59    33    41 
  |    51   |   0   |   0  0  0  1  0   |   -120  -120    40    40   200   200  -220  -220   240   240   |   0   ||    53  |   1  0  0  0  0   |    -86   -82  -732  -724   148   156   -72   -64    28    36 
  |    51   |   0   |   0  0  0  1  0   |   -125  -125    35    35   195   195  -215  -215   235   235   |   0   ||    53  |   1  0  0  0  0   |    -81   -77  -737  -729   143   151   -77   -69    23    31 
  |    52   |   0   |   0  0  0  0  1   |   -130  -130    30    30   190   190  -210  -210   230   230   |   0   ||    53  |   1  0  0  0  0   |    -76   -72  -742  -734   138   146   -82   -74    18    26 
  |    52   |   0   |   0  0  0  0  1   |   -125  -125    35    35   195   195  -205  -205   225   225   |   0   ||    53  |   1  0  0  0  0   |    -81   -77  -737  -729   143   151   -77   -69    23    31 
  |    52   |   0   |   0  0  0  0  1   |   -120  -120    40    40   200   200  -200  -200   220   220   |   0   ||    54  |   1  1  0  0  0   |    -86   -82  -742  -734   148   156   -72   -64    28    36 
  |    52   |   0   |   0  0  0  0  1   |   -115  -115    45    45   205   205  -195  -195   215   215   |   0   ||    54  |   1  1  0  0  0   |    -91   -87  -747  -739   153   161   -67   -59    33    41 
  |    53   |   1   |   0  0  0  0  0   |   -110  -110    50    50   210   210  -190  -190   210   210   |   0   ||    54  |   1  1  0  0  0   |    -96   -92  -752  -744   158   166   -62   -54    38    46 
  |    53   |   1   |   0  0  0  0  0   |   -105  -105    55    55   215   215  -185  -185   215   215   |   0   ||    54  |   1  1  0  0  0   |   -101   -97  -757  -749   163   171   -57   -49    43    51 
  |    53   |   1   |   0  0  0  0  0   |   -100  -100    60    60   220   220  -180  -180   220   220   |   0   ||    55  |   0  1  1  0  0   |    -96   -92  -762  -754   158   166   -52   -44    48    56 
  |    53   |   1   |   0  0  0  0  0   |    -95   -95    65    65   225   225  -175  -175   225   225   |   0   ||    55  |   0  1  1  0  0   |    -91   -87  -767  -759   153   161   -47   -39    53    61 
  |    54   |   1   |   1  0  0  0  0   |    -90   -90    70    70   230   230  -170  -170   230   230   |   0   ||    55  |   0  1  1  0  0   |    -86   -82  -772  -764   148   156   -42   -34    58    66 
  |    54   |   1   |   1  0  0  0  0   |    -85   -85    65    65   225   225  -175  -175   225   225   |   0   ||    55  |   0  1  1  0  0   |    -91   -87  -767  -759   153   161   -47   -39    53    61 
  |    54   |   1   |   1  0  0  0  0   |    -80   -80    60    60   220   220  -180  -180   220   220   |   0   ||    56  |   1  0  1  1  0   |    -86   -82  -772  -764   158   166   -42   -34    48    56 
  |    54   |   1   |   1  0  0  0  0   |    -75   -75    55    55   215   215  -185  -185   215   215   |   0   ||    56  |   1  0  1  1  0   |    -81   -77  -777  -769   163   171   -37   -29    43    51 
  |    55   |   0   |   1  1  0  0  0   |    -70   -70    50    50   210   210  -190  -190   210   210   |   0   ||    56  |   1  0  1  1  0   |    -76   -72  -782  -774   168   176   -32   -24    38    46 
  |    55   |   0   |   1  1  0  0  0   |    -75   -75    45    45   215   215  -185  -185   215   215   |   0   ||    56  |   1  0  1  1  0   |    -81   -77  -777  -769   163   171   -37   -29    43    51 
  |    55   |   0   |   1  1  0  0  0   |    -80   -80    40    40   220   220  -180  -180   220   220   |   0   ||    57  |   0  1  0  1  1   |    -76   -72  -782  -774   168   176   -42   -34    38    46 
  |    55   |   0   |   1  1  0  0  0   |    -85   -85    35    35   225   225  -175  -175   225   225   |   0   ||    57  |   0  1  0  1  1   |    -71   -67  -787  -779   173   181   -47   -39    33    41 
  |    56   |   1   |   0  1  1  0  0   |    -90   -90    30    30   230   230  -170  -170   230   230   |   0   ||    57  |   0  1  0  1  1   |    -66   -62  -792  -784   178   186   -52   -44    28    36 
  |    56   |   1   |   0  1  1  0  0   |    -95   -95    35    35   235   235  -175  -175   225   225   |   0   ||    57  |   0  1  0  1  1   |    -71   -67  -787  -779   173   181   -47   -39    33    41 
  |    56   |   1   |   0  1  1  0  0   |   -100  -100    40    40   240   240  -180  -180   220   220   |   0   ||    58  |   0  0  1  0  1   |    -76   -72  -792  -784   178   186   -52   -44    38    46 
  |    56   |   1   |   0  1  1  0  0   |   -105  -105    45    45   245   245  -185  -185   215   215   |   0   ||    58  |   0  0  1  0  1   |    -81   -77  -797  -789   183   191   -57   -49    43    51 
  |    57   |   0   |   1  0  1  1  0   |   -110  -110    50    50   250   250  -190  -190   210   210   |   0   ||    58  |   0  0  1  0  1   |    -86   -82  -802  -794   188   196   -62   -54    48    56 
  |    57   |   0   |   1  0  1  1  0   |   -105  -105    45    45   255   255  -185  -185   205   205   |   0   ||    58  |   0  0  1  0  1   |    -91   -87  -807  -799   193   201   -67   -59    53    61 
  |    57   |   0   |   1  0  1  1  0   |   -100  -100    40    40   260   260  -180  -180   200   200   |   0   ||    59  |   1  0  0  1  0   |    -86   -82  -812  -804   188   196   -62   -54    48    56 
  |    57   |   0   |   1  0  1  1  0   |    -95   -95    35    35   265   265  -175  -175   195   195   |   0   ||    59  |   1  0  0  1  0   |    -81   -77  -817  -809   183   191   -57   -49    43    51 
  |    58   |   0   |   0  1  0  1  1   |    -90   -90    30    30   270   270  -170  -170   190   190   |   0   ||    59  |   1  0  0  1  0   |    -76   -72  -822  -814   178   186   -52   -44    38    46 
  |    58   |   0   |   0  1  0  1  1   |    -85   -85    25    25   275   275  -175  -175   185   185   |   0   ||    59  |   1  0  0  1  0   |    -81   -77  -817  -809   183   191   -57   -49    43    51 
  |    58   |   0   |   0  1  0  1  1   |    -80   -80    20    20   280   280  -180  -180   180   180   |   0   ||    60  |   0  1  0  0  1   |    -76   -72  -822  -814   188   196   -52   -44    38    46 
  |    58   |   0   |   0  1  0  1  1   |    -75   -75    15    15   285   285  -185  -185   175   175   |   0   ||    60  |   0  1  0  0  1   |    -71   -67  -827  -819   193   201   -47   -39    33    41 
  |    59   |   1   |   0  0  1  0  1   |    -70   -70    10    10   290   290  -190  -190   170   170   |   0   ||    60  |   0  1  0  0  1   |    -66   -62  -832  -824   198   206   -42   -34    28    36 
  |    59   |   1   |   0  0  1  0  1   |    -75   -75     5     5   295   295  -195  -195   175   175   |   0   ||    60  |   0  1  0  0  1   |    -71   -67  -827  -819   193   201   -47   -39    33    41 
  |    59   |   1   |   0  0  1  0  1   |    -80   -80     0     0   300   300  -200  -200   180   180   |   0   ||    61  |   0  0  1  0  0   |    -76   -72  -832  -824   198   206   -52   -44    28    36 
  |    59   |   1   |   0  0  1  0  1   |    -85   -85    -5    -5   305   305  -205  -205   185   185   |   0   ||    61  |   0  0  1  0  0   |    -81   -77  -837  -829   203   211   -57   -49    23    31 
  |    60   |   0   |   1  0  0  1  0   |    -90   -90   -10   -10   310   310  -210  -210   190   190   |   0   ||    61  |   0  0  1  0  0   |    -86   -82  -842  -834   208   216   -62   -54    18    26 
  |    60   |   0   |   1  0  0  1  0   |    -85   -85   -15   -15   305   305  -205  -205   185   185   |   0   ||    61  |   0  0  1  0  0   |    -91   -87  -847  -839   213   221   -67   -59    13    21 
  |    60   |   0   |   1  0  0  1  0   |    -80   -80   -20   -20   300   300  -200  -200   180   180   |   0   ||    62  |   1  0  0  1  0   |    -86   -82  -852  -844   208   216   -62   -54     8    16 
  |    60   |   0   |   1  0  0  1  0   |    -75   -75   -25   -25   295   295  -195  -195   175   175   |   0   ||    62  |   1  0  0  1  0   |    -81   -77  -857  -849   203   211   -57   -49     3    11 
  |    61   |   0   |   0  1  0  0  1   |    -70   -70   -30   -30   290   290  -190  -190   170   170   |   0   ||    62  |   1  0  0  1  0   |    -76   -72  -862  -854   198   206   -52   -44    -2     6 
  |    61   |   0   |   0  1  0  0  1   |    -65   -65   -35   -35   295   295  -185  -185   165   165   |   0   ||    62  |   1  0  0  1  0   |    -81   -77  -857  -849   203   211   -57   -49     3    11 
  |    61   |   0   |   0  1  0  0  1   |    -60   -60   -40   -40   300   300  -180  -180   160   160   |   0   ||    63  |   1  1  0  0  1   |    -86   -82  -862  -854   208   216   -52   -44    -2     6 
  |    61   |   0   |   0  1  0  0  1   |    -55   -55   -45   -45   305   305  -175  -175   155   155   |   0   ||    63  |   1  1  0  0  1   |    -91   -87  -867  -859   213   221   -47   -39    -7     1 
  |    62   |   1   |   0  0  1  0  0   |    -50   -50   -50   -50   310   310  -170  -170   150   150   |   0   ||    63  |   1  1  0  0  1   |    -96   -92  -872  -864   218   226   -42   -34   -12    -4 
  |    62   |   1   |   0  0  1  0  0   |    -45   -45   -45   -45   305   305  -165  -165   155   155   |   0   ||    63  |   1  1  0  0  1   |   -101   -97  -877  -869   223   231   -37   -29   -17    -9 
  |    62   |   1   |   0  0  1  0  0   |    -40   -40   -40   -40   300   300  -160  -160   160   160   |   0   ||    64  |   1  1  1  0  0   |   -106  -102  -882  -874   218   226   -32   -24   -12    -4 
  |    62   |   1   |   0  0  1  0  0   |    -35   -35   -35   -35   295   295  -155  -155   165   165   |   0   ||    64  |   1  1  1  0  0   |   -111  -107  -887  -879   213   221   -27   -19    -7     1 
  |    63   |   1   |   1  0  0  1  0   |    -30   -30   -30   -30   290   290  -150  -150   170   170   |   0   ||    64  |   1  1  1  0  0   |   -116  -112  -892  -884   208   216   -22   -14    -2     6 
  |    63   |   1   |   1  0  0  1  0   |    -35   -35   -25   -25   295   295  -155  -155   175   175   |   0   ||    64  |   1  1  1  0  0   |   -121  -117  -897  -889   203   211   -17    -9     3    11 
  |    63   |   1   |   1  0  0  1  0   |    -40   -40   -20   -20   300   300  -160  -160   180   180   |   0   ||    65  |   0  1  1  1  0   |   -116  -112  -902  -894   198   206   -22   -14     8    16 
  |    63   |   1   |   1  0  0  1  0   |    -45   -45   -15   -15   305   305  -165  -165   185   185   |   0   ||    65  |   0  1  1  1  0   |   -111  -107  -907  -899   193   201   -27   -19    13    21 
  |    64   |   1   |   1  1  0  0  1   |    -50   -50   -10   -10   310   310  -170  -170   190   190   |   0   ||    65  |   0  1  1  1  0   |   -106  -102  -912  -904   188   196   -32   -24    18    26 
  |    64   |   1   |   1  1  0  0  1   |    -45   -45    -5    -5   305   305  -175  -175   195   195   |   0   ||    65  |   0  1  1  1  0   |   -111  -107  -907  -899   193   201   -27   -19    13    21 
  |    64   |   1   |   1  1  0  0  1   |    -40   -40     0     0   300   300  -180  -180   200   200   |   0   ||    66  |   0  0  1  1  1   |   -116  -112  -912  -904   198   206   -22   -14    18    26 
  |    64   |   1   |   1  1  0  0  1   |    -35   -35     5     5   295   295  -185  -185   205   205   |   0   ||    66  |   0  0  1  1  1   |   -121  -117  -917  -909   203   211   -17    -9    23    31 
  |    65   |   0   |   1  1  1  0  0   |    -30   -30    10    10   290   290  -190  -190   210   210   |   0   ||    66  |   0  0  1  1  1   |   -126  -122  -922  -914   208   216   -12    -4    28    36 
  |    65   |   0   |   1  1  1  0  0   |    -25   -25    15    15   295   295  -195  -195   205   205   |   0   ||    66  |   0  0  1  1  1   |   -131  -127  -927  -919   213   221    -7     1    33    41 
  |    65   |   0   |   1  1  1  0  0   |    -20   -20    20    20   300   300  -200  -200   200   200   |   0   ||    67  |   0  0  0  1  1   |   -136  -132  -932  -924   208   216    -2     6    38    46 
  |    65   |   0   |   1  1  1  0  0   |    -15   -15    25    25   305   305  -205  -205   195   195   |   0   ||    67  |   0  0  0  1  1   |   -141  -137  -937  -929   203   211     3    11    43    51 
  |    66   |   0   |   0  1  1  1  0   |    -10   -10    30    30   310   310  -210  -210   190   190   |   0   ||    67  |   0  0  0  1  1   |   -146  -142  -942  -934   198   206     8    16    48    56 
  |    66   |   0   |   0  1  1  1  0   |    -15   -15    35    35   315   315  -205  -205   185   185   |   0   ||    67  |   0  0  0  1  1   |   -151  -147  -947  -939   193   201    13    21    53    61 
  |    66   |   0   |   0  1  1  1  0   |    -20   -20    40    40   320   320  -200  -200   180   180   |   0   ||    68  |   1  0  0  0  1   |   -146  -142  -952  -944   188   196     8    16    58    66 
  |    66   |   0   |   0  1  1  1  0   |    -25   -25    45    45   325   325  -195  -195   175   175   |   0   ||    68  |   1  0  0  0  1   |   -141  -137  -957  -949   183   191     3    11    63    71 
  |    67   |   0   |   0  0  1  1  1   |    -30   -30    50    50   330   330  -190  -190   170   170   |   0   ||    68  |   1  0  0  0  1   |   -136  -132  -962  -954   178   186    -2     6    68    76 
  |    67   |   0   |   0  0  1  1  1   |    -25   -25    55    55   325   325  -195  -195   165   165   |   0   ||    68  |   1  0  0  0  1   |   -141  -137  -957  -949   183   191     3    11    63    71 
  |    67   |   0   |   0  0  1  1  1   |    -20   -20    60    60   320   320  -200  -200   160   160   |   0   ||    69  |   0  1  0  0  0   |   -136  -132  -962  -954   188   196     8    16    68    76 
  |    67   |   0   |   0  0  1  1  1   |    -15   -15    65    65   315   315  -205  -205   155   155   |   0   ||    69  |   0  1  0  0  0   |   -131  -127  -967  -959   193   201    13    21    73    81 
  |    68   |   1   |   0  0  0  1  1   |    -10   -10    70    70   310   310  -210  -210   150   150   |   0   ||    69  |   0  1  0  0  0   |   -126  -122  -972  -964   198   206    18    26    78    86 
  |    68   |   1   |   0  0  0  1  1   |    -15   -15    65    65   305   305  -205  -205   155   155   |   0   ||    69  |   0  1  0  0  0   |   -131  -127  -967  -959   193   201    13    21    73    81 
  |    68   |   1   |   0  0  0  1  1   |    -20   -20    60    60   300   300  -200  -200   160   160   |   0   ||    70  |   0  0  1  0  0   |   -136  -132  -972  -964   198   206     8    16    68    76 
  |    68   |   1   |   0  0  0  1  1   |    -25   -25    55    55   295   295  -195  -195   165   165   |   0   ||    70  |   0  0  1  0  0   |   -141  -137  -977  -969   203   211     3    11    63    71 
  |    69   |   0   |   1  0  0  0  1   |    -30   -30    50    50   290   290  -190  -190   170   170   |   0   ||    70  |   0  0  1  0  0   |   -146  -142  -982  -974   208   216    -2     6    58    66 
  |    69   |   0   |   1  0  0  0  1   |    -25   -25    45    45   285   285  -195  -195   175   175   |   0   ||    70  |   0  0  1  0  0   |   -151  -147  -987  -979   213   221    -7     1    53    61 
  |    69   |   0   |   1  0  0  0  1   |    -20   -20    40    40   280   280  -200  -200   180   180   |   0   ||    71  |   0  0  0  1  0   |   -156  -152  -992  -984   208   216    -2     6    48    56 
  |    69   |   0   |   1  0  0  0  1   |    -15   -15    35    35   275   275  -205  -205   185   185   |   0   ||    71  |   0  0  0  1  0   |   -161  -157  -997  -989   203   211     3    11    43    51 
  |    70   |   0   |   0  1  0  0  0   |    -10   -10    30    30   270   270  -210  -210   190   190   |   0   ||    71  |   0  0  0  1  0   |   -166  -162 -1002  -994   198   206     8    16    38    46 
  |    70   |   0   |   0  1  0  0  0   |    -15   -15    35    35   265   265  -215  -215   185   185   |   0   ||    71  |   0  0  0  1  0   |   -171  -167 -1007  -999   193   201    13    21    33    41 
  |    70   |   0   |   0  1  0  0  0   |    -20   -20    40    40   260   260  -220  -220   180   180   |   0   ||    72  |   0  0  0  0  1   |   -176  -172 -1012 -1004   188   196     8    16    38    46 
  |    70   |   0   |   0  1  0  0  0   |    -25   -25    45    45   255   255  -225  -225   175   175   |   0   ||    72  |   0  0  0  0  1   |   -181  -177 -1017 -1009   183   191     3    11    43    51 
  |    71   |   0   |   0  0  1  0  0   |    -30   -30    50    50   250   250  -230  -230   170   170   |   0   ||    72  |   0  0  0  0  1   |   -186  -182 -1022 -1014   178   186    -2     6    48    56 
  |    71   |   0   |   0  0  1  0  0   |    -35   -35    45    45   255   255  -235  -235   165   165   |   0   ||    72  |   0  0  0  0  1   |   -191  -187 -1027 -1019   173   181    -7     1    53    61 
  |    71   |   0   |   0  0  1  0  0   |    -40   -40    40    40   260   260  -240  -240   160   160   |   0   ||    73  |   0  0  0  0  0   |   -196  -192 -1032 -1024   168   176   -12    -4    48    56 
  |    71   |   0   |   0  0  1  0  0   |    -45   -45    35    35   265   265  -245  -245   155   155   |   0   ||    73  |   0  0  0  0  0   |   -201  -197 -1037 -1029   163   171   -17    -9    43    51 
  |    72   |   0   |   0  0  0  1  0   |    -50   -50    30    30   270   270  -250  -250   150   150   |   0   ||    73  |   0  0  0  0  0   |   -206  -202 -1042 -1034   158   166   -22   -14    38    46 
  |    72   |   0   |   0  0  0  1  0   |    -55   -55    25    25   265   265  -245  -245   145   145   |   0   ||    73  |   0  0  0  0  0   |   -211  -207 -1047 -1039   153   161   -27   -19    33    41 
  |    72   |   0   |   0  0  0  1  0   |    -60   -60    20    20   260   260  -240  -240   140   140   |   0   ||    74  |   1  0  0  0  0   |   -206  -202 -1052 -1044   148   156   -32   -24    28    36 
  |    72   |   0   |   0  0  0  1  0   |    -65   -65    15    15   255   255  -235  -235   135   135   |   0   ||    74  |   1  0  0  0  0   |   -201  -197 -1057 -1049   143   151   -37   -29    23    31 
  |    73   |   0   |   0  0  0  0  1   |    -70   -70    10    10   250   250  -230  -230   130   130   |   0   ||    74  |   1  0  0  0  0   |   -196  -192 -1062 -1054   138   146   -42   -34    18    26 
  |    73   |   0   |   0  0  0  0  1   |    -65   -65    15    15   255   255  -225  -225   125   125   |   0   ||    74  |   1  0  0  0  0   |   -201  -197 -1057 -1049   143   151   -37   -29    23    31 
  |    73   |   0   |   0  0  0  0  1   |    -60   -60    20    20   260   260  -220  -220   120   120   |   0   ||    75  |   1  1  0  0  0   |   -206  -202 -1062 -1054   148   156   -32   -24    28    36 
  |    73   |   0   |   0  0  0  0  1   |    -55   -55    25    25   265   265  -215  -215   115   115   |   0   ||    75  |   1  1  0  0  0   |   -211  -207 -1067 -1059   153   161   -27   -19    33    41 
  |    74   |   1   |   0  0  0  0  0   |    -50   -50    30    30   270   270  -210  -210   110   110   |   0   ||    75  |   1  1  0  0  0   |   -216  -212 -1072 -1064   158   166   -22   -14    38    46 
  |    74   |   1   |   0  0  0  0  0   |    -45   -45    35    35   275   275  -205  -205   115   115   |   0   ||    75  |   1  1  0  0  0   |   -221  -217 -1077 -1069   163   171   -17    -9    43    51 
  |    74   |   1   |   0  0  0  0  0   |    -40   -40    40    40   280   280  -200  -200   120   120   |   0   ||    76  |   1  1  1  0  0   |   -226  -222 -1082 -1074   158   166   -12    -4    48    56 
  |    74   |   1   |   0  0  0  0  0   |    -35   -35    45    45   285   285  -195  -195   125   125   |   0   ||    76  |   1  1  1  0  0   |   -231  -227 -1087 -1079   153   161    -7     1    53    61 
  |    75   |   1   |   1  0  0  0  0   |    -30   -30    50    50   290   290  -190  -190   130   130   |   0   ||    76  |   1  1  1  0  0   |   -236  -232 -1092 -1084   148   156    -2     6    58    66 
  |    75   |   1   |   1  0  0  0  0   |    -35   -35    55    55   295   295  -185  -185   135   135   |   0   ||    76  |   1  1  1  0  0   |   -241  -237 -1097 -1089   143   151     3    11    63    71 
  |    75   |   1   |   1  0  0  0  0   |    -40   -40    60    60   300   300  -180  -180   140   140   |   0   ||    77  |   0  1  1  1  0   |   -236  -232 -1102 -1094   138   146    -2     6    68    76 
  |    75   |   1   |   1  0  0  0  0   |    -45   -45    65    65   305   305  -175  -175   145   145   |   0   ||    77  |   0  1  1  1  0   |   -231  -227 -1107 -1099   133   141    -7     1    73    81 
  |    76   |   1   |   1  1  0  0  0   |    -50   -50    70    70   310   310  -170  -170   150   150   |   0   ||    77  |   0  1  1  1  0   |   -226  -222 -1112 -1104   128   136   -12    -4    78    86 
  |    76   |   1   |   1  1  0  0  0   |    -45   -45    75    75   305   305  -175  -175   145   145   |   0   ||    77  |   0  1  1  1  0   |   -231  -227 -1107 -1099   133   141    -7     1    73    81 
  |    76   |   1   |   1  1  0  0  0   |    -40   -40    80    80   300   300  -180  -180   140   140   |   0   ||    78  |   1  0  1  1  1   |   -226  -222 -1112 -1104   138   146    -2     6    78    86 
  |    76   |   1   |   1  1  0  0  0   |    -35   -35    85    85   295   295  -185  -185   135   135   |   0   ||    78  |   1  0  1  1  1   |   -221  -217 -1117 -1109   143   151     3    11    83    91 
  |    77   |   0   |   1  1  1  0  0   |    -30   -30    90    90   290   290  -190  -190   130   130   |   0   ||    78  |   1  0  1  1  1   |   -216  -212 -1122 -1114   148   156     8    16    88    96 
  |    77   |   0   |   1  1  1  0  0   |    -35   -35    85    85   285   285  -185  -185   135   135   |   0   ||    78  |   1  0  1  1  1   |   -221  -217 -1117 -1109   143   151     3    11    83    91 
  |    77   |   0   |   1  1  1  0  0   |    -40   -40    80    80   280   280  -180  -180   140   140   |   0   ||    79  |   0  1  0  1  1   |   -216  -212 -1122 -1114   148   156    -2     6    78    86 
  |    77   |   0   |   1  1  1  0  0   |    -45   -45    75    75   275   275  -175  -175   145   145   |   0   ||    79  |   0  1  0  1  1   |   -211  -207 -1127 -1119   153   161    -7     1    73    81 
  |    78   |   1   |   0  1  1  1  0   |    -50   -50    70    70   270   270  -170  -170   150   150   |   0   ||    79  |   0  1  0  1  1   |   -206  -202 -1132 -1124   158   166   -12    -4    68    76 
  |    78   |   1   |   0  1  1  1  0   |    -55   -55    75    75   275   275  -165  -165   145   145   |   0   ||    79  |   0  1  0  1  1   |   -211  -207 -1127 -1119   153   161    -7     1    73    81 
  |    78   |   1   |   0  1  1  1  0   |    -60   -60    80    80   280   280  -160  -160   140   140   |   0   ||    80  |   0  0  1  0  1   |   -216  -212 -1132 -1124   158   166   -12    -4    78    86 
  |    78   |   1   |   0  1  1  1  0   |    -65   -65    85    85   285   285  -155  -155   135   135   |   0   ||    80  |   0  0  1  0  1   |   -221  -217 -1137 -1129   163   171   -17    -9    83    91 
  |    79   |   0   |   1  0  1  1  1   |    -70   -70    90    90   290   290  -150  -150   130   130   |   0   ||    80  |   0  0  1  0  1   |   -226  -222 -1142 -1134   168   176   -22   -14    88    96 
  |    79   |   0   |   1  0  1  1  1   |    -65   -65    85    85   295   295  -145  -145   135   135   |   0   ||    80  |   0  0  1  0  1   |   -231  -227 -1147 -1139   173   181   -27   -19    93   101 
  |    79   |   0   |   1  0  1  1  1   |    -60   -60    80    80   300   300  -140  -140   140   140   |   0   ||    81  |   1  0  0  1  0   |   -226  -222 -1152 -1144   168   176   -22   -14    88    96 
  |    79   |   0   |   1  0  1  1  1   |    -55   -55    75    75   305   305  -135  -135   145   145   |   0   ||    81  |   1  0  0  1  0   |   -221  -217 -1157 -1149   163   171   -17    -9    83    91 
  |    80   |   0   |   0  1  0  1  1   |    -50   -50    70    70   310   310  -130  -130   150   150   |   0   ||    81  |   1  0  0  1  0   |   -216  -212 -1162 -1154   158   166   -12    -4    78    86 
  |    80   |   0   |   0  1  0  1  1   |    -45   -45    65    65   315   315  -135  -135   145   145   |   0   ||    81  |   1  0  0  1  0   |   -221  -217 -1157 -1149   163   171   -17    -9    83    91 
  |    80   |   0   |   0  1  0  1  1   |    -40   -40    60    60   320   320  -140  -140   140   140   |   0   ||    82  |   0  1  0  0  1   |   -216  -212 -1162 -1154   168   176   -12    -4    78    86 
  |    80   |   0   |   0  1  0  1  1   |    -35   -35    55    55   325   325  -145  -145   135   135   |   0   ||    82  |   0  1  0  0  1   |   -211  -207 -1167 -1159   173   181    -7     1    73    81 
  |    81   |   1   |   0  0  1  0  1   |    -30   -30    50    50   330   330  -150  -150   130   130   |   0   ||    82  |   0  1  0  0  1   |   -206  -202 -1172 -1164   178   186    -2     6    68    76 
  |    81   |   1   |   0  0  1  0  1   |    -35   -35    45    45   335   335  -155  -155   135   135   |   0   ||    82  |   0  1  0  0  1   |   -211  -207 -1167 -1159   173   181    -7     1    73    81 
  |    81   |   1   |   0  0  1  0  1   |    -40   -40    40    40   340   340  -160  -160   140   140   |   0   ||    83  |   1  0  1  0  0   |   -206  -202 -1172 -1164   178   186   -12    -4    68    76 
  |    81   |   1   |   0  0  1  0  1   |    -45   -45    35    35   345   345  -165  -165   145   145   |   0   ||    83  |   1  0  1  0  0   |   -201  -197 -1177 -1169   183   191   -17    -9    63    71 
  |    82   |   0   |   1  0  0  1  0   |    -50   -50    30    30   350   350  -170  -170   150   150   |   0   ||    83  |   1  0  1  0  0   |   -196  -192 -1182 -1174   188   196   -22   -14    58    66 
  |    82   |   0   |   1  0  0  1  0   |    -55   -55    35    35   355   355  -175  -175   155   155   |   0   ||    83  |   1  0  1  0  0   |   -201  -197 -1177 -1169   183   191   -17    -9    63    71 
  |    82   |   0   |   1  0  0  1  0   |    -60   -60    40    40   360   360  -180  -180   160   160   |   0   ||    84  |   1  1  0  1  0   |   -206  -202 -1182 -1174   188   196   -22   -14    68    76 
  |    82   |   0   |   1  0  0  1  0   |    -65   -65    45    45   365   365  -185  -185   165   165   |   0   ||    84  |   1  1  0  1  0   |   -211  -207 -1187 -1179   193   201   -27   -19    73    81 
  |    83   |   1   |   0  1  0  0  1   |    -70   -70    50    50   370   370  -190  -190   170   170   |   0   ||    84  |   1  1  0  1  0   |   -216  -212 -1192 -1184   198   206   -32   -24    78    86 
  |    83   |   1   |   0  1  0  0  1   |    -65   -65    45    45   375   375  -185  -185   165   165   |   0   ||    84  |   1  1  0  1  0   |   -221  -217 -1197 -1189   203   211   -37   -29    83    91 
  |    83   |   1   |   0  1  0  0  1   |    -60   -60    40    40   380   380  -180  -180   160   160   |   0   ||    85  |   0  1  1  0  1   |   -216  -212 -1202 -1194   198   206   -32   -24    78    86 
  |    83   |   1   |   0  1  0  0  1   |    -55   -55    35    35   385   385  -175  -175   155   155   |   0   ||    85  |   0  1  1  0  1   |   -211  -207 -1207 -1199   193   201   -27   -19    73    81 
  |    84   |   1   |   1  0  1  0  0   |    -50   -50    30    30   390   390  -170  -170   150   150   |   0   ||    85  |   0  1  1  0  1   |   -206  -202 -1212 -1204   188   196   -22   -14    68    76 
  |    84   |   1   |   1  0  1  0  0   |    -45   -45    25    25   395   395  -175  -175   145   145   |   0   ||    85  |   0  1  1  0  1   |   -211  -207 -1207 -1199   193   201   -27   -19    73    81 
  |    84   |   1   |   1  0  1  0  0   |    -40   -40    20    20   400   400  -180  -180   140   140   |   0   ||    86  |   1  0  1  1  0   |   -206  -202 -1212 -1204   198   206   -22   -14    68    76 
  |    84   |   1   |   1  0  1  0  0   |    -35   -35    15    15   405   405  -185  -185   135   135   |   0   ||    86  |   1  0  1  1  0   |   -201  -197 -1217 -1209   203   211   -17    -9    63    71 
  |    85   |   0   |   1  1  0  1  0   |    -30   -30    10    10   410   410  -190  -190   130   130   |   0   ||    86  |   1  0  1  1  0   |   -196  -192 -1222 -1214   208   216   -12    -4    58    66 
  |    85   |   0   |   1  1  0  1  0   |    -35   -35     5     5   415   415  -195  -195   135   135   |   0   ||    86  |   1  0  1  1  0   |   -201  -197 -1217 -1209   203   211   -17    -9    63    71 
  |    85   |   0   |   1  1  0  1  0   |    -40   -40     0     0   420   420  -200  -200   140   140   |   0   ||    87  |   0  1  0  1  1   |   -196  -192 -1222 -1214   208   216   -22   -14    58    66 
  |    85   |   0   |   1  1  0  1  0   |    -45   -45    -5    -5   425   425  -205  -205   145   145   |   0   ||    87  |   0  1  0  1  1   |   -191  -187 -1227 -1219   213   221   -27   -19    53    61 
  |    86   |   1   |   0  1  1  0  1   |    -50   -50   -10   -10   430   430  -210  -210   150   150   |   0   ||    87  |   0  1  0  1  1   |   -186  -182 -1232 -1224   218   226   -32   -24    48    56 
  |    86   |   1   |   0  1  1  0  1   |    -55   -55    -5    -5   435   435  -215  -215   155   155   |   0   ||    87  |   0  1  0  1  1   |   -191  -187 -1227 -1219   213   221   -27   -19    53    61 
  |    86   |   1   |   0  1  1  0  1   |    -60   -60     0     0   440   440  -220  -220   160   160   |   0   ||    88  |   1  0  1  0  1   |   -186  -182 -1232 -1224   218   226   -32   -24    58    66 
  |    86   |   1   |   0  1  1  0  1   |    -65   -65     5     5   445   445  -225  -225   165   165   |   0   ||    88  |   1  0  1  0  1   |   -181  -177 -1237 -1229   223   231   -37   -29    63    71 
  |    87   |   0   |   1  0  1  1  0   |    -70   -70    10    10   450   450  -230  -230   170   170   |   0   ||    88  |   1  0  1  0  1   |   -176  -172 -1242 -1234   228   236   -42   -34    68    76 
  |    87   |   0   |   1  0  1  1  0   |    -75   -75    15    15   445   445  -235  -235   175   175   |   0   ||    88  |   1  0  1  0  1   |   -181  -177 -1237 -1229   223   231   -37   -29    63    71 
  |    87   |   0   |   1  0  1  1  0   |    -80   -80    20    20   440   440  -240  -240   180   180   |   0   ||    89  |   1  1  0  1  0   |   -186  -182 -1242 -1234   228   236   -42   -34    68    76 
  |    87   |   0   |   1  0  1  1  0   |    -85   -85    25    25   435   435  -245  -245   185   185   |   0   ||    89  |   1  1  0  1  0   |   -191  -187 -1247 -1239   233   241   -47   -39    73    81 
  |    88   |   1   |   0  1  0  1  1   |    -90   -90    30    30   430   430  -250  -250   190   190   |   0   ||    89  |   1  1  0  1  0   |   -196  -192 -1252 -1244   238   246   -52   -44    78    86 
  |    88   |   1   |   0  1  0  1  1   |    -85   -85    25    25   435   435  -255  -255   185   185   |   0   ||    89  |   1  1  0  1  0   |   -201  -197 -1257 -1249   243   251   -57   -49    83    91 
  |    88   |   1   |   0  1  0  1  1   |    -80   -80    20    20   440   440  -260  -260   180   180   |   0   ||    90  |   0  1  1  0  1   |   -196  -192 -1262 -1254   238   246   -52   -44    78    86 
  |    88   |   1   |   0  1  0  1  1   |    -75   -75    15    15   445   445  -265  -265   175   175   |   0   ||    90  |   0  1  1  0  1   |   -191  -187 -1267 -1259   233   241   -47   -39    73    81 
  |    89   |   1   |   1  0  1  0  1   |    -70   -70    10    10   450   450  -270  -270   170   170   |   0   ||    90  |   0  1  1  0  1   |   -186  -182 -1272 -1264   228   236   -42   -34    68    76 
  |    89   |   1   |   1  0  1  0  1   |    -65   -65     5     5   455   455  -275  -275   175   175   |   0   ||    90  |   0  1  1  0  1   |   -191  -187 -1267 -1259   233   241   -47   -39    73    81 
  |    89   |   1   |   1  0  1  0  1   |    -60   -60     0     0   460   460  -280  -280   180   180   |   0   ||    91  |   0  0  1  1  0   |   -196  -192 -1272 -1264   238   246   -42   -34    68    76 
  |    89   |   1   |   1  0  1  0  1   |    -55   -55    -5    -5   465   465  -285  -285   185   185   |   0   ||    91  |   0  0  1  1  0   |   -201  -197 -1277 -1269   243   251   -37   -29    63    71 
  |    90   |   0   |   1  1  0  1  0   |    -50   -50   -10   -10   470   470  -290  -290   190   190   |   0   ||    91  |   0  0  1  1  0   |   -206  -202 -1282 -1274   248   256   -32   -24    58    66 
  |    90   |   0   |   1  1  0  1  0   |    -45   -45    -5    -5   465   465  -285  -285   185   185   |   0   ||    91  |   0  0  1  1  0   |   -211  -207 -1287 -1279   253   261   -27   -19    53    61 
  |    90   |   0   |   1  1  0  1  0   |    -40   -40     0     0   460   460  -280  -280   180   180   |   0   ||    92  |   0  0  0  1  1   |   -216  -212 -1292 -1284   248   256   -22   -14    58    66 
  |    90   |   0   |   1  1  0  1  0   |    -35   -35     5     5   455   455  -275  -275   175   175   |   0   ||    92  |   0  0  0  1  1   |   -221  -217 -1297 -1289   243   251   -17    -9    63    71 
  |    91   |   0   |   0  1  1  0  1   |    -30   -30    10    10   450   450  -270  -270   170   170   |   0   ||    92  |   0  0  0  1  1   |   -226  -222 -1302 -1294   238   246   -12    -4    68    76 
  |    91   |   0   |   0  1  1  0  1   |    -35   -35    15    15   455   455  -275  -275   175   175   |   0   ||    92  |   0  0  0  1  1   |   -231  -227 -1307 -1299   233   241    -7     1    73    81 
  |    91   |   0   |   0  1  1  0  1   |    -40   -40    20    20   460   460  -280  -280   180   180   |   0   ||    93  |   1  0  0  0  1   |   -226  -222 -1312 -1304   228   236   -12    -4    78    86 
  |    91   |   0   |   0  1  1  0  1   |    -45   -45    25    25   465   465  -285  -285   185   185   |   0   ||    93  |   1  0  0  0  1   |   -221  -217 -1317 -1309   223   231   -17    -9    83    91 
  |    92   |   0   |   0  0  1  1  0   |    -50   -50    30    30   470   470  -290  -290   190   190   |   0   ||    93  |   1  0  0  0  1   |   -216  -212 -1322 -1314   218   226   -22   -14    88    96 
  |    92   |   0   |   0  0  1  1  0   |    -45   -45    35    35   465   465  -295  -295   195   195   |   0   ||    93  |   1  0  0  0  1   |   -221  -217 -1317 -1309   223   231   -17    -9    83    91 
  |    92   |   0   |   0  0  1  1  0   |    -40   -40    40    40   460   460  -300  -300   200   200   |   0   ||    94  |   1  1  0  0  0   |   -226  -222 -1322 -1314   228   236   -12    -4    88    96 
  |    92   |   0   |   0  0  1  1  0   |    -35   -35    45    45   455   455  -305  -305   205   205   |   0   ||    94  |   1  1  0  0  0   |   -231  -227 -1327 -1319   233   241    -7     1    93   101 
  |    93   |   1   |   0  0  0  1  1   |    -30   -30    50    50   450   450  -310  -310   210   210   |   0   ||    94  |   1  1  0  0  0   |   -236  -232 -1332 -1324   238   246    -2     6    98   106 
  |    93   |   1   |   0  0  0  1  1   |    -25   -25    55    55   455   455  -315  -315   205   205   |   0   ||    94  |   1  1  0  0  0   |   -241  -237 -1337 -1329   243   251     3    11   103   111 
  |    93   |   1   |   0  0  0  1  1   |    -20   -20    60    60   460   460  -320  -320   200   200   |   0   ||    95  |   0  1  1  0  0   |   -236  -232 -1342 -1334   238   246     8    16   108   116 
  |    93   |   1   |   0  0  0  1  1   |    -15   -15    65    65   465   465  -325  -325   195   195   |   0   ||    95  |   0  1  1  0  0   |   -231  -227 -1347 -1339   233   241    13    21   113   121 
  |    94   |   1   |   1  0  0  0  1   |    -10   -10    70    70   470   470  -330  -330   190   190   |   0   ||    95  |   0  1  1  0  0   |   -226  -222 -1352 -1344   228   236    18    26   118   126 
  |    94   |   1   |   1  0  0  0  1   |     -5    -5    65    65   465   465  -335  -335   195   195   |   0   ||    95  |   0  1  1  0  0   |   -231  -227 -1347 -1339   233   241    13    21   113   121 
  |    94   |   1   |   1  0  0  0  1   |      0     0    60    60   460   460  -340  -340   200   200   |   0   ||    96  |   0  0  1  1  0   |   -236  -232 -1352 -1344   238   246    18    26   108   116 
  |    94   |   1   |   1  0  0  0  1   |      5     5    55    55   455   455  -345  -345   205   205   |   0   ||    96  |   0  0  1  1  0   |   -241  -237 -1357 -1349   243   251    23    31   103   111 
  |    95   |   0   |   1  1  0  0  0   |     10    10    50    50   450   450  -350  -350   210   210   |   0   ||    96  |   0  0  1  1  0   |   -246  -242 -1362 -1354   248   256    28    36    98   106 
  |    95   |   0   |   1  1  0  0  0   |     15    15    55    55   445   445  -355  -355   205   205   |   0   ||    96  |   0  0  1  1  0   |   -251  -247 -1367 -1359   253   261    33    41    93   101 
  |    95   |   0   |   1  1  0  0  0   |     20    20    60    60   440   440  -360  -360   200   200   |   0   ||    97  |   0  0  0  1  1   |   -256  -252 -1372 -1364   248   256    38    46    98   106 
  |    95   |   0   |   1  1  0  0  0   |     25    25    65    65   435   435  -365  -365   195   195   |   0   ||    97  |   0  0  0  1  1   |   -261  -257 -1377 -1369   243   251    43    51   103   111 
  |    96   |   0   |   0  1  1  0  0   |     30    30    70    70   430   430  -370  -370   190   190   |   0   ||    97  |   0  0  0  1  1   |   -266  -262 -1382 -1374   238   246    48    56   108   116 
  |    96   |   0   |   0  1  1  0  0   |     25    25    75    75   435   435  -375  -375   185   185   |   0   ||    97  |   0  0  0  1  1   |   -271  -267 -1387 -1379   233   241    53    61   113   121 
  |    96   |   0   |   0  1  1  0  0   |     20    20    80    80   440   440  -380  -380   180   180   |   0   ||    98  |   0  0  0  0  1   |   -276  -272 -1392 -1384   228   236    48    56   118   126 
  |    96   |   0   |   0  1  1  0  0   |     15    15    85    85   445   445  -385  -385   175   175   |   0   ||    98  |   0  0  0  0  1   |   -281  -277 -1397 -1389   223   231    43    51   123   131 
  |    97   |   0   |   0  0  1  1  0   |     10    10    90    90   450   450  -390  -390   170   170   |   0   ||    98  |   0  0  0  0  1   |   -286  -282 -1402 -1394   218   226    38    46   128   136 
  |    97   |   0   |   0  0  1  1  0   |      5     5    85    85   455   455  -385  -385   165   165   |   0   ||    98  |   0  0  0  0  1   |   -291  -287 -1407 -1399   213   221    33    41   133   141 
  |    97   |   0   |   0  0  1  1  0   |      0     0    80    80   460   460  -380  -380   160   160   |   0   ||    99  |   0  0  0  0  0   |   -296  -292 -1412 -1404   208   216    28    36   128   136 
  |    97   |   0   |   0  0  1  1  0   |     -5    -5    75    75   465   465  -375  -375   155   155   |   0   ||    99  |   0  0  0  0  0   |   -301  -297 -1417 -1409   203   211    23    31   123   131 
  |    98   |   0   |   0  0  0  1  1   |    -10   -10    70    70   470   470  -370  -370   150   150   |   0   ||    99  |   0  0  0  0  0   |   -306  -302 -1422 -1414   198   206    18    26   118   126 
  |    98   |   0   |   0  0  0  1  1   |    -15   -15    65    65   465   465  -365  -365   155   155   |   0   ||    99  |   0  0  0  0  0   |   -311  -307 -1427 -1419   193   201    13    21   113   121 
  |    98   |   0   |   0  0  0  1  1   |    -20   -20    60    60   460   460  -360  -360   160   160   |   0   ||   100  |   1  0  0  0  0   |   -306  -302 -1432 -1424   188   196     8    16   108   116 
  |    98   |   0   |   0  0  0  1  1   |    -25   -25    55    55   455   455  -355  -355   165   165   |   0   ||   100  |   1  0  0  0  0   |   -301  -297 -1437 -1429   183   191     3    11   103   111 
  |    99   |   0   |   0  0  0  0  1   |    -30   -30    50    50   450   450  -350  -350   170   170   |   0   ||   100  |   1  0  0  0  0   |   -296  -292 -1442 -1434   178   186    -2     6    98   106 
  |    99   |   0   |   0  0  0  0  1   |    -25   -25    55    55   455   455  -345  -345   165   165   |   0   ||   100  |   1  0  0  0  0   |   -301  -297 -1437 -1429   183   191     3    11   103   111 
  |    99   |   0   |   0  0  0  0  1   |    -20   -20    60    60   460   460  -340  -340   160   160   |   0   ||   101  |   1  1  0  0  0   |   -306  -302 -1442 -1434   188   196     8    16   108   116 
errors: 398
--
DONE
