----------------
prog start
hv ver: 3.13
accu test 
	 code_len = 1023, chip_div = 2, spacing_len = 1, pcode[0] = 0x23C495A7 
	 code_ctrl = 0x040003FE
  |     0   |   1   |   0  0  0  0  0   |     -5    -5    -5    -5    -5    -5    -5    -5    -5    -5   |   0   ||     1  |   1  1  0  0  0   |     11     7    -1     3   -17    -9   -17    -9   -17    -9 
  |     0   |   1   |   0  0  0  0  0   |    -10   -10   -10   -10   -10   -10   -10   -10   -10   -10   |   0   ||     1  |   1  1  1  0  0   |     16    12     4     8   -12    -4   -22   -14   -22   -14 
  |     0   |   1   |   0  0  0  0  0   |     -5    -5    -5    -5    -5    -5    -5    -5    -5    -5   |   0   ||     1  |   1  1  1  0  0   |     11     7    -1     3   -17    -9   -17    -9   -17    -9 
  |     1   |   1   |   1  0  0  0  0   |      0     0     0     0     0     0     0     0     0     0   |   0   ||     2  |   1  1  1  1  0   |      6     2    -6    -2   -22   -14   -22   -14   -12    -4 
  |     1   |   1   |   1  0  0  0  0   |     -5    -5     5     5     5     5     5     5     5     5   |   0   ||     2  |   1  1  1  1  0   |      1    -3   -11    -7   -27   -19   -27   -19    -7     1 
  |     2   |   1   |   1  1  0  0  0   |    -10   -10    10    10    10    10    10    10    10    10   |   0   ||     2  |   1  1  1  1  1   |     -4    -8   -16   -12   -32   -24   -32   -24   -12    -4 
  |     2   |   1   |   1  1  0  0  0   |    -15   -15     5     5    15    15    15    15    15    15   |   0   ||     2  |   1  1  1  1  1   |     -9   -13   -21   -17   -37   -29   -37   -29   -17    -9 
  |     3   |   0   |   1  1  1  0  0   |    -20   -20     0     0    20    20    20    20    20    20   |   0   ||     3  |   0  1  1  1  1   |     -4    -8   -26   -22   -42   -34   -42   -34   -22   -14 
  |     3   |   0   |   1  1  1  0  0   |    -25   -25    -5    -5    15    15    25    25    25    25   |   0   ||     3  |   0  1  1  1  1   |      1    -3   -31   -27   -47   -39   -47   -39   -27   -19 
  |     4   |   0   |   0  1  1  1  0   |    -30   -30   -10   -10    10    10    30    30    30    30   |   0   ||     3  |   0  0  1  1  1   |      6     2   -26   -22   -52   -44   -52   -44   -32   -24 
  |     4   |   0   |   0  1  1  1  0   |    -35   -35    -5    -5    15    15    35    35    25    25   |   0   ||     3  |   0  0  1  1  1   |      1    -3   -31   -27   -47   -39   -47   -39   -27   -19 
  |     5   |   1   |   0  0  1  1  1   |    -40   -40     0     0    20    20    40    40    20    20   |   0   ||     4  |   0  0  0  1  1   |     -4    -8   -36   -32   -52   -44   -42   -34   -22   -14 
  |     5   |   1   |   0  0  1  1  1   |    -45   -45    -5    -5    25    25    45    45    25    25   |   0   ||     4  |   0  0  0  1  1   |     -9   -13   -41   -37   -57   -49   -37   -29   -17    -9 
  |     6   |   0   |   1  0  0  1  1   |    -50   -50   -10   -10    30    30    50    50    30    30   |   0   ||     4  |   0  0  0  0  1   |    -14   -18   -46   -42   -62   -54   -42   -34   -12    -4 
  |     6   |   0   |   1  0  0  1  1   |    -45   -45   -15   -15    25    25    55    55    35    35   |   0   ||     4  |   0  0  0  0  1   |    -19   -23   -51   -47   -67   -59   -47   -39    -7     1 
  |     7   |   1   |   0  1  0  0  1   |    -40   -40   -20   -20    20    20    60    60    40    40   |   0   ||     5  |   1  0  0  0  0   |    -14   -18   -56   -52   -72   -64   -52   -44   -12    -4 
  |     7   |   1   |   0  1  0  0  1   |    -45   -45   -15   -15    15    15    55    55    45    45   |   0   ||     5  |   1  0  0  0  0   |     -9   -13   -61   -57   -77   -69   -57   -49   -17    -9 
  |     8   |   1   |   1  0  1  0  0   |    -50   -50   -10   -10    10    10    50    50    50    50   |   0   ||     5  |   1  1  0  0  0   |     -4    -8   -56   -52   -82   -74   -62   -54   -22   -14 
  |     8   |   1   |   1  0  1  0  0   |    -55   -55    -5    -5     5     5    55    55    55    55   |   0   ||     5  |   1  1  0  0  0   |     -9   -13   -61   -57   -77   -69   -57   -49   -17    -9 
  |     9   |   0   |   1  1  0  1  0   |    -60   -60     0     0     0     0    60    60    60    60   |   0   ||     6  |   0  1  1  0  0   |     -4    -8   -66   -62   -82   -74   -52   -44   -12    -4 
  |     9   |   0   |   1  1  0  1  0   |    -65   -65    -5    -5     5     5    55    55    65    65   |   0   ||     6  |   0  1  1  0  0   |      1    -3   -71   -67   -87   -79   -47   -39    -7     1 
  |    10   |   1   |   0  1  1  0  1   |    -70   -70   -10   -10    10    10    50    50    70    70   |   0   ||     6  |   0  0  1  1  0   |      6     2   -66   -62   -92   -84   -52   -44    -2     6 
  |    10   |   1   |   0  1  1  0  1   |    -75   -75    -5    -5    15    15    45    45    75    75   |   0   ||     6  |   0  0  1  1  0   |      1    -3   -71   -67   -87   -79   -47   -39    -7     1 
  |    11   |   0   |   1  0  1  1  0   |    -80   -80     0     0    20    20    40    40    80    80   |   0   ||     7  |   1  0  0  1  1   |      6     2   -76   -72   -92   -84   -42   -34    -2     6 
  |    11   |   0   |   1  0  1  1  0   |    -75   -75    -5    -5    25    25    45    45    75    75   |   0   ||     7  |   1  0  0  1  1   |     11     7   -81   -77   -97   -89   -37   -29     3    11 
  |    12   |   1   |   0  1  0  1  1   |    -70   -70   -10   -10    30    30    50    50    70    70   |   0   ||     7  |   1  1  0  0  1   |     16    12   -76   -72  -102   -94   -42   -34     8    16 
  |    12   |   1   |   0  1  0  1  1   |    -65   -65   -15   -15    35    35    45    45    65    65   |   0   ||     7  |   1  1  0  0  1   |     11     7   -81   -77   -97   -89   -37   -29     3    11 
  |    13   |   0   |   1  0  1  0  1   |    -60   -60   -20   -20    40    40    40    40    60    60   |   0   ||     8  |   1  1  1  0  0   |      6     2   -86   -82  -102   -94   -32   -24     8    16 
  |    13   |   0   |   1  0  1  0  1   |    -65   -65   -15   -15    35    35    45    45    55    55   |   0   ||     8  |   1  1  1  0  0   |      1    -3   -91   -87  -107   -99   -27   -19    13    21 
  |    14   |   0   |   0  1  0  1  0   |    -70   -70   -10   -10    30    30    50    50    50    50   |   0   ||     8  |   1  1  1  1  0   |     -4    -8   -96   -92  -112  -104   -32   -24    18    26 
  |    14   |   0   |   0  1  0  1  0   |    -65   -65   -15   -15    35    35    45    45    55    55   |   0   ||     8  |   1  1  1  1  0   |     -9   -13  -101   -97  -117  -109   -37   -29    23    31 
  |    15   |   1   |   0  0  1  0  1   |    -60   -60   -20   -20    40    40    40    40    60    60   |   0   ||     9  |   0  1  1  1  1   |     -4    -8  -106  -102  -122  -114   -42   -34    18    26 
  |    15   |   1   |   0  0  1  0  1   |    -55   -55   -15   -15    35    35    45    45    55    55   |   0   ||     9  |   0  1  1  1  1   |      1    -3  -111  -107  -127  -119   -47   -39    13    21 
  |    16   |   0   |   1  0  0  1  0   |    -50   -50   -10   -10    30    30    50    50    50    50   |   0   ||     9  |   0  0  1  1  1   |      6     2  -106  -102  -132  -124   -52   -44     8    16 
  |    16   |   0   |   1  0  0  1  0   |    -45   -45   -15   -15    25    25    55    55    45    45   |   0   ||     9  |   0  0  1  1  1   |      1    -3  -111  -107  -127  -119   -47   -39    13    21 
  |    17   |   0   |   0  1  0  0  1   |    -40   -40   -20   -20    20    20    60    60    40    40   |   0   ||    10  |   1  0  0  1  1   |      6     2  -116  -112  -132  -124   -42   -34    18    26 
  |    17   |   0   |   0  1  0  0  1   |    -45   -45   -15   -15    15    15    55    55    45    45   |   0   ||    10  |   1  0  0  1  1   |     11     7  -121  -117  -137  -129   -37   -29    23    31 
  |    18   |   1   |   0  0  1  0  0   |    -50   -50   -10   -10    10    10    50    50    50    50   |   0   ||    10  |   1  1  0  0  1   |     16    12  -116  -112  -142  -134   -42   -34    28    36 
  |    18   |   1   |   0  0  1  0  0   |    -45   -45    -5    -5     5     5    55    55    55    55   |   0   ||    10  |   1  1  0  0  1   |     11     7  -121  -117  -137  -129   -37   -29    23    31 
  |    19   |   0   |   1  0  0  1  0   |    -40   -40     0     0     0     0    60    60    60    60   |   0   ||    11  |   0  1  1  0  0   |     16    12  -126  -122  -142  -134   -32   -24    28    36 
  |    19   |   0   |   1  0  0  1  0   |    -45   -45     5     5     5     5    55    55    65    65   |   0   ||    11  |   0  1  1  0  0   |     21    17  -131  -127  -147  -139   -27   -19    33    41 
  |    20   |   0   |   0  1  0  0  1   |    -50   -50    10    10    10    10    50    50    70    70   |   0   ||    11  |   0  0  1  1  0   |     26    22  -126  -122  -152  -144   -32   -24    38    46 
  |    20   |   0   |   0  1  0  0  1   |    -55   -55    15    15     5     5    45    45    75    75   |   0   ||    11  |   0  0  1  1  0   |     21    17  -131  -127  -147  -139   -27   -19    33    41 
  |    21   |   0   |   0  0  1  0  0   |    -60   -60    20    20     0     0    40    40    80    80   |   0   ||    12  |   1  0  0  1  1   |     26    22  -136  -132  -152  -144   -22   -14    38    46 
  |    21   |   0   |   0  0  1  0  0   |    -65   -65    15    15     5     5    35    35    75    75   |   0   ||    12  |   1  0  0  1  1   |     31    27  -141  -137  -157  -149   -17    -9    43    51 
  |    22   |   1   |   0  0  0  1  0   |    -70   -70    10    10    10    10    30    30    70    70   |   0   ||    12  |   1  1  0  0  1   |     36    32  -136  -132  -162  -154   -22   -14    48    56 
  |    22   |   1   |   0  0  0  1  0   |    -65   -65    15    15    15    15    25    25    75    75   |   0   ||    12  |   1  1  0  0  1   |     31    27  -141  -137  -157  -149   -17    -9    43    51 
  |    23   |   1   |   1  0  0  0  1   |    -60   -60    20    20    20    20    20    20    80    80   |   0   ||    13  |   0  1  1  0  0   |     36    32  -146  -142  -162  -154   -12    -4    48    56 
  |    23   |   1   |   1  0  0  0  1   |    -65   -65    25    25    25    25    25    25    75    75   |   0   ||    13  |   0  1  1  0  0   |     41    37  -151  -147  -167  -159    -7     1    53    61 
  |    24   |   1   |   1  1  0  0  0   |    -70   -70    30    30    30    30    30    30    70    70   |   0   ||    13  |   0  0  1  1  0   |     46    42  -146  -142  -172  -164   -12    -4    58    66 
  |    24   |   1   |   1  1  0  0  0   |    -65   -65    35    35    25    25    25    25    65    65   |   0   ||    13  |   0  0  1  1  0   |     41    37  -151  -147  -167  -159    -7     1    53    61 
  |    25   |   1   |   1  1  1  0  0   |    -60   -60    40    40    20    20    20    20    60    60   |   0   ||    14  |   0  0  0  1  1   |     36    32  -156  -152  -172  -164    -2     6    58    66 
  |    25   |   1   |   1  1  1  0  0   |    -55   -55    45    45    25    25    15    15    55    55   |   0   ||    14  |   0  0  0  1  1   |     31    27  -161  -157  -177  -169     3    11    63    71 
  |    26   |   0   |   1  1  1  1  0   |    -50   -50    50    50    30    30    10    10    50    50   |   0   ||    14  |   0  0  0  0  1   |     26    22  -166  -162  -182  -174    -2     6    68    76 
  |    26   |   0   |   1  1  1  1  0   |    -45   -45    55    55    35    35    15    15    45    45   |   0   ||    14  |   0  0  0  0  1   |     21    17  -171  -167  -187  -179    -7     1    73    81 
  |    27   |   0   |   0  1  1  1  1   |    -40   -40    60    60    40    40    20    20    40    40   |   0   ||    15  |   1  0  0  0  0   |     26    22  -176  -172  -192  -184   -12    -4    68    76 
  |    27   |   0   |   0  1  1  1  1   |    -45   -45    65    65    45    45    25    25    45    45   |   0   ||    15  |   1  0  0  0  0   |     31    27  -181  -177  -197  -189   -17    -9    63    71 
  |    28   |   0   |   0  0  1  1  1   |    -50   -50    70    70    50    50    30    30    50    50   |   0   ||    15  |   1  1  0  0  0   |     36    32  -176  -172  -202  -194   -22   -14    58    66 
  |    28   |   0   |   0  0  1  1  1   |    -45   -45    75    75    45    45    25    25    45    45   |   0   ||    15  |   1  1  0  0  0   |     31    27  -181  -177  -197  -189   -17    -9    63    71 
  |    29   |   1   |   0  0  0  1  1   |    -40   -40    80    80    40    40    20    20    40    40   |   0   ||    16  |   0  1  1  0  0   |     36    32  -186  -182  -202  -194   -12    -4    68    76 
  |    29   |   1   |   0  0  0  1  1   |    -35   -35    85    85    45    45    15    15    35    35   |   0   ||    16  |   0  1  1  0  0   |     41    37  -191  -187  -207  -199    -7     1    73    81 
  |    30   |   0   |   1  0  0  0  1   |    -30   -30    90    90    50    50    10    10    30    30   |   0   ||    16  |   0  0  1  1  0   |     46    42  -186  -182  -212  -204   -12    -4    78    86 
  |    30   |   0   |   1  0  0  0  1   |    -25   -25    85    85    45    45     5     5    35    35   |   0   ||    16  |   0  0  1  1  0   |     41    37  -191  -187  -207  -199    -7     1    73    81 
  |    31   |   0   |   0  1  0  0  0   |    -20   -20    80    80    40    40     0     0    40    40   |   0   ||    17  |   0  0  0  1  1   |     36    32  -196  -192  -212  -204    -2     6    78    86 
  |    31   |   0   |   0  1  0  0  0   |    -25   -25    85    85    35    35    -5    -5    35    35   |   0   ||    17  |   0  0  0  1  1   |     31    27  -201  -197  -217  -209     3    11    83    91 
  |    32   |   0   |   0  0  1  0  0   |    -30   -30    90    90    30    30   -10   -10    30    30   |   0   ||    17  |   0  0  0  0  1   |     26    22  -206  -202  -222  -214    -2     6    88    96 
  |    32   |   0   |   0  0  1  0  0   |    -35   -35    85    85    35    35   -15   -15    25    25   |   0   ||    17  |   0  0  0  0  1   |     21    17  -211  -207  -227  -219    -7     1    93   101 
  |    33   |   1   |   0  0  0  1  0   |    -40   -40    80    80    40    40   -20   -20    20    20   |   0   ||    18  |   1  0  0  0  0   |     26    22  -216  -212  -232  -224   -12    -4    88    96 
  |    33   |   1   |   0  0  0  1  0   |    -45   -45    75    75    35    35   -15   -15    15    15   |   0   ||    18  |   1  0  0  0  0   |     31    27  -221  -217  -237  -229   -17    -9    83    91 
  |    34   |   0   |   1  0  0  0  1   |    -50   -50    70    70    30    30   -10   -10    10    10   |   0   ||    18  |   1  1  0  0  0   |     36    32  -216  -212  -242  -234   -22   -14    78    86 
  |    34   |   0   |   1  0  0  0  1   |    -55   -55    75    75    35    35    -5    -5     5     5   |   0   ||    18  |   1  1  0  0  0   |     31    27  -221  -217  -237  -229   -17    -9    83    91 
  |    35   |   1   |   0  1  0  0  0   |    -60   -60    80    80    40    40     0     0     0     0   |   0   ||    19  |   0  1  1  0  0   |     36    32  -226  -222  -242  -234   -12    -4    88    96 
  |    35   |   1   |   0  1  0  0  0   |    -55   -55    75    75    45    45     5     5     5     5   |   0   ||    19  |   0  1  1  0  0   |     41    37  -231  -227  -247  -239    -7     1    93   101 
  |    36   |   0   |   1  0  1  0  0   |    -50   -50    70    70    50    50    10    10    10    10   |   0   ||    19  |   0  0  1  1  0   |     46    42  -226  -222  -252  -244   -12    -4    98   106 
  |    36   |   0   |   1  0  1  0  0   |    -45   -45    65    65    55    55     5     5     5     5   |   0   ||    19  |   0  0  1  1  0   |     41    37  -231  -227  -247  -239    -7     1    93   101 
  |    37   |   1   |   0  1  0  1  0   |    -40   -40    60    60    60    60     0     0     0     0   |   0   ||    20  |   0  0  0  1  1   |     36    32  -236  -232  -252  -244    -2     6    98   106 
  |    37   |   1   |   0  1  0  1  0   |    -45   -45    65    65    55    55     5     5    -5    -5   |   0   ||    20  |   0  0  0  1  1   |     31    27  -241  -237  -257  -249     3    11   103   111 
  |    38   |   1   |   1  0  1  0  1   |    -50   -50    70    70    50    50    10    10   -10   -10   |   0   ||    20  |   0  0  0  0  1   |     26    22  -246  -242  -262  -254    -2     6   108   116 
  |    38   |   1   |   1  0  1  0  1   |    -45   -45    65    65    55    55     5     5    -5    -5   |   0   ||    20  |   0  0  0  0  1   |     21    17  -251  -247  -267  -259    -7     1   113   121 
  |    39   |   0   |   1  1  0  1  0   |    -40   -40    60    60    60    60     0     0     0     0   |   0   ||    21  |   0  0  0  0  0   |     16    12  -256  -252  -272  -264   -12    -4   108   116 
  |    39   |   0   |   1  1  0  1  0   |    -35   -35    65    65    55    55     5     5    -5    -5   |   0   ||    21  |   0  0  0  0  0   |     11     7  -261  -257  -277  -269   -17    -9   103   111 
  |    40   |   1   |   0  1  1  0  1   |    -30   -30    70    70    50    50    10    10   -10   -10   |   0   ||    21  |   0  0  0  0  0   |      6     2  -266  -262  -282  -274   -22   -14    98   106 
  |    40   |   1   |   0  1  1  0  1   |    -35   -35    75    75    55    55     5     5    -5    -5   |   0   ||    21  |   0  0  0  0  0   |      1    -3  -271  -267  -287  -279   -27   -19    93   101 
  |    41   |   0   |   1  0  1  1  0   |    -40   -40    80    80    60    60     0     0     0     0   |   0   ||    22  |   1  0  0  0  0   |      6     2  -276  -272  -292  -284   -32   -24    88    96 
  |    41   |   0   |   1  0  1  1  0   |    -35   -35    75    75    65    65     5     5    -5    -5   |   0   ||    22  |   1  0  0  0  0   |     11     7  -281  -277  -297  -289   -37   -29    83    91 
  |    42   |   1   |   0  1  0  1  1   |    -30   -30    70    70    70    70    10    10   -10   -10   |   0   ||    22  |   1  1  0  0  0   |     16    12  -276  -272  -302  -294   -42   -34    78    86 
  |    42   |   1   |   0  1  0  1  1   |    -25   -25    65    65    75    75     5     5   -15   -15   |   0   ||    22  |   1  1  0  0  0   |     11     7  -281  -277  -297  -289   -37   -29    83    91 
  |    43   |   1   |   1  0  1  0  1   |    -20   -20    60    60    80    80     0     0   -20   -20   |   0   ||    23  |   1  1  1  0  0   |      6     2  -286  -282  -302  -294   -32   -24    88    96 
  |    43   |   1   |   1  0  1  0  1   |    -25   -25    65    65    75    75     5     5   -25   -25   |   0   ||    23  |   1  1  1  0  0   |      1    -3  -291  -287  -307  -299   -27   -19    93   101 
  |    44   |   0   |   1  1  0  1  0   |    -30   -30    70    70    70    70    10    10   -30   -30   |   0   ||    23  |   1  1  1  1  0   |     -4    -8  -296  -292  -312  -304   -32   -24    98   106 
  |    44   |   0   |   1  1  0  1  0   |    -35   -35    65    65    75    75     5     5   -25   -25   |   0   ||    23  |   1  1  1  1  0   |     -9   -13  -301  -297  -317  -309   -37   -29   103   111 
  |    45   |   1   |   0  1  1  0  1   |    -40   -40    60    60    80    80     0     0   -20   -20   |   0   ||    24  |   1  1  1  1  1   |    -14   -18  -306  -302  -322  -314   -42   -34    98   106 
  |    45   |   1   |   0  1  1  0  1   |    -35   -35    55    55    75    75     5     5   -25   -25   |   0   ||    24  |   1  1  1  1  1   |    -19   -23  -311  -307  -327  -319   -47   -39    93   101 
  |    46   |   0   |   1  0  1  1  0   |    -30   -30    50    50    70    70    10    10   -30   -30   |   0   ||    24  |   1  1  1  1  1   |    -24   -28  -316  -312  -332  -324   -52   -44    88    96 
  |    46   |   0   |   1  0  1  1  0   |    -35   -35    55    55    65    65     5     5   -25   -25   |   0   ||    24  |   1  1  1  1  1   |    -29   -33  -321  -317  -337  -329   -57   -49    83    91 
  |    47   |   1   |   0  1  0  1  1   |    -40   -40    60    60    60    60     0     0   -20   -20   |   0   ||    25  |   1  1  1  1  1   |    -34   -38  -326  -322  -342  -334   -62   -54    78    86 
  |    47   |   1   |   0  1  0  1  1   |    -35   -35    55    55    65    65    -5    -5   -25   -25   |   0   ||    25  |   1  1  1  1  1   |    -39   -43  -331  -327  -347  -339   -67   -59    73    81 
  |    48   |   0   |   1  0  1  0  1   |    -30   -30    50    50    70    70   -10   -10   -30   -30   |   0   ||    25  |   1  1  1  1  1   |    -44   -48  -336  -332  -352  -344   -72   -64    68    76 
  |    48   |   0   |   1  0  1  0  1   |    -35   -35    55    55    65    65    -5    -5   -35   -35   |   0   ||    25  |   1  1  1  1  1   |    -49   -53  -341  -337  -357  -349   -77   -69    63    71 
  |    49   |   0   |   0  1  0  1  0   |    -40   -40    60    60    60    60     0     0   -40   -40   |   0   ||    26  |   0  1  1  1  1   |    -44   -48  -346  -342  -362  -354   -82   -74    58    66 
  |    49   |   0   |   0  1  0  1  0   |    -35   -35    55    55    65    65    -5    -5   -35   -35   |   0   ||    26  |   0  1  1  1  1   |    -39   -43  -351  -347  -367  -359   -87   -79    53    61 
  |    50   |   0   |   0  0  1  0  1   |    -30   -30    50    50    70    70   -10   -10   -30   -30   |   0   ||    26  |   0  0  1  1  1   |    -34   -38  -346  -342  -372  -364   -92   -84    48    56 
  |    50   |   0   |   0  0  1  0  1   |    -35   -35    45    45    75    75   -15   -15   -25   -25   |   0   ||    26  |   0  0  1  1  1   |    -39   -43  -351  -347  -367  -359   -87   -79    53    61 
  |    51   |   0   |   0  0  0  1  0   |    -40   -40    40    40    80    80   -20   -20   -20   -20   |   0   ||    27  |   0  0  0  1  1   |    -44   -48  -356  -352  -372  -364   -82   -74    58    66 
  |    51   |   0   |   0  0  0  1  0   |    -45   -45    35    35    75    75   -15   -15   -25   -25   |   0   ||    27  |   0  0  0  1  1   |    -49   -53  -361  -357  -377  -369   -77   -69    63    71 
  |    52   |   0   |   0  0  0  0  1   |    -50   -50    30    30    70    70   -10   -10   -30   -30   |   0   ||    27  |   0  0  0  0  1   |    -54   -58  -366  -362  -382  -374   -82   -74    68    76 
  |    52   |   0   |   0  0  0  0  1   |    -55   -55    25    25    65    65   -15   -15   -25   -25   |   0   ||    27  |   0  0  0  0  1   |    -59   -63  -371  -367  -387  -379   -87   -79    73    81 
  |    53   |   1   |   0  0  0  0  0   |    -60   -60    20    20    60    60   -20   -20   -20   -20   |   0   ||    28  |   0  0  0  0  0   |    -64   -68  -376  -372  -392  -384   -92   -84    68    76 
  |    53   |   1   |   0  0  0  0  0   |    -65   -65    15    15    55    55   -25   -25   -25   -25   |   0   ||    28  |   0  0  0  0  0   |    -69   -73  -381  -377  -397  -389   -97   -89    63    71 
  |    54   |   1   |   1  0  0  0  0   |    -70   -70    10    10    50    50   -30   -30   -30   -30   |   0   ||    28  |   0  0  0  0  0   |    -74   -78  -386  -382  -402  -394  -102   -94    58    66 
  |    54   |   1   |   1  0  0  0  0   |    -65   -65     5     5    45    45   -35   -35   -35   -35   |   0   ||    28  |   0  0  0  0  0   |    -79   -83  -391  -387  -407  -399  -107   -99    53    61 
  |    55   |   0   |   1  1  0  0  0   |    -60   -60     0     0    40    40   -40   -40   -40   -40   |   0   ||    29  |   1  0  0  0  0   |    -74   -78  -396  -392  -412  -404  -112  -104    48    56 
  |    55   |   0   |   1  1  0  0  0   |    -55   -55     5     5    35    35   -45   -45   -45   -45   |   0   ||    29  |   1  0  0  0  0   |    -69   -73  -401  -397  -417  -409  -117  -109    43    51 
  |    56   |   1   |   0  1  1  0  0   |    -50   -50    10    10    30    30   -50   -50   -50   -50   |   0   ||    29  |   1  1  0  0  0   |    -64   -68  -396  -392  -422  -414  -122  -114    38    46 
  |    56   |   1   |   0  1  1  0  0   |    -45   -45     5     5    25    25   -45   -45   -45   -45   |   0   ||    29  |   1  1  0  0  0   |    -69   -73  -401  -397  -417  -409  -117  -109    43    51 
  |    57   |   0   |   1  0  1  1  0   |    -40   -40     0     0    20    20   -40   -40   -40   -40   |   0   ||    30  |   0  1  1  0  0   |    -64   -68  -406  -402  -422  -414  -112  -104    48    56 
  |    57   |   0   |   1  0  1  1  0   |    -45   -45     5     5    15    15   -45   -45   -35   -35   |   0   ||    30  |   0  1  1  0  0   |    -59   -63  -411  -407  -427  -419  -107   -99    53    61 
  |    58   |   0   |   0  1  0  1  1   |    -50   -50    10    10    10    10   -50   -50   -30   -30   |   0   ||    30  |   0  0  1  1  0   |    -54   -58  -406  -402  -432  -424  -112  -104    58    66 
  |    58   |   0   |   0  1  0  1  1   |    -55   -55    15    15     5     5   -45   -45   -25   -25   |   0   ||    30  |   0  0  1  1  0   |    -59   -63  -411  -407  -427  -419  -107   -99    53    61 
  |    59   |   1   |   0  0  1  0  1   |    -60   -60    20    20     0     0   -40   -40   -20   -20   |   0   ||    31  |   0  0  0  1  1   |    -64   -68  -416  -412  -432  -424  -102   -94    58    66 
  |    59   |   1   |   0  0  1  0  1   |    -65   -65    15    15     5     5   -45   -45   -15   -15   |   0   ||    31  |   0  0  0  1  1   |    -69   -73  -421  -417  -437  -429   -97   -89    63    71 
  |    60   |   0   |   1  0  0  1  0   |    -70   -70    10    10    10    10   -50   -50   -10   -10   |   0   ||    31  |   0  0  0  0  1   |    -74   -78  -426  -422  -442  -434  -102   -94    68    76 
  |    60   |   0   |   1  0  0  1  0   |    -65   -65     5     5     5     5   -45   -45   -15   -15   |   0   ||    31  |   0  0  0  0  1   |    -79   -83  -431  -427  -447  -439  -107   -99    73    81 
  |    61   |   0   |   0  1  0  0  1   |    -60   -60     0     0     0     0   -40   -40   -20   -20   |   0   ||    32  |   0  0  0  0  0   |    -84   -88  -436  -432  -452  -444  -112  -104    68    76 
  |    61   |   0   |   0  1  0  0  1   |    -65   -65     5     5    -5    -5   -45   -45   -15   -15   |   0   ||    32  |   0  0  0  0  0   |    -89   -93  -441  -437  -457  -449  -117  -109    63    71 
  |    62   |   1   |   0  0  1  0  0   |    -70   -70    10    10   -10   -10   -50   -50   -10   -10   |   0   ||    32  |   0  0  0  0  0   |    -94   -98  -446  -442  -462  -454  -122  -114    58    66 
  |    62   |   1   |   0  0  1  0  0   |    -75   -75     5     5    -5    -5   -55   -55   -15   -15   |   0   ||    32  |   0  0  0  0  0   |    -99  -103  -451  -447  -467  -459  -127  -119    53    61 
  |    63   |   1   |   1  0  0  1  0   |    -80   -80     0     0     0     0   -60   -60   -20   -20   |   0   ||    33  |   1  0  0  0  0   |    -94   -98  -456  -452  -472  -464  -132  -124    48    56 
  |    63   |   1   |   1  0  0  1  0   |    -75   -75    -5    -5    -5    -5   -55   -55   -25   -25   |   0   ||    33  |   1  0  0  0  0   |    -89   -93  -461  -457  -477  -469  -137  -129    43    51 
  |    64   |   1   |   1  1  0  0  1   |    -70   -70   -10   -10   -10   -10   -50   -50   -30   -30   |   0   ||    33  |   1  1  0  0  0   |    -84   -88  -456  -452  -482  -474  -142  -134    38    46 
  |    64   |   1   |   1  1  0  0  1   |    -75   -75   -15   -15    -5    -5   -45   -45   -35   -35   |   0   ||    33  |   1  1  0  0  0   |    -89   -93  -461  -457  -477  -469  -137  -129    43    51 
  |    65   |   0   |   1  1  1  0  0   |    -80   -80   -20   -20     0     0   -40   -40   -40   -40   |   0   ||    34  |   0  1  1  0  0   |    -84   -88  -466  -462  -482  -474  -132  -124    48    56 
  |    65   |   0   |   1  1  1  0  0   |    -85   -85   -25   -25    -5    -5   -35   -35   -35   -35   |   0   ||    34  |   0  1  1  0  0   |    -79   -83  -471  -467  -487  -479  -127  -119    53    61 
  |    66   |   0   |   0  1  1  1  0   |    -90   -90   -30   -30   -10   -10   -30   -30   -30   -30   |   0   ||    34  |   0  0  1  1  0   |    -74   -78  -466  -462  -492  -484  -132  -124    58    66 
  |    66   |   0   |   0  1  1  1  0   |    -95   -95   -25   -25    -5    -5   -25   -25   -35   -35   |   0   ||    34  |   0  0  1  1  0   |    -79   -83  -471  -467  -487  -479  -127  -119    53    61 
  |    67   |   0   |   0  0  1  1  1   |   -100  -100   -20   -20     0     0   -20   -20   -40   -40   |   0   ||    35  |   1  0  0  1  1   |    -74   -78  -476  -472  -492  -484  -122  -114    58    66 
  |    67   |   0   |   0  0  1  1  1   |   -105  -105   -25   -25     5     5   -15   -15   -35   -35   |   0   ||    35  |   1  0  0  1  1   |    -69   -73  -481  -477  -497  -489  -117  -109    63    71 
  |    68   |   1   |   0  0  0  1  1   |   -110  -110   -30   -30    10    10   -10   -10   -30   -30   |   0   ||    35  |   1  1  0  0  1   |    -64   -68  -476  -472  -502  -494  -122  -114    68    76 
  |    68   |   1   |   0  0  0  1  1   |   -105  -105   -25   -25    15    15   -15   -15   -35   -35   |   0   ||    35  |   1  1  0  0  1   |    -69   -73  -481  -477  -497  -489  -117  -109    63    71 
  |    69   |   0   |   1  0  0  0  1   |   -100  -100   -20   -20    20    20   -20   -20   -40   -40   |   0   ||    36  |   0  1  1  0  0   |    -64   -68  -486  -482  -502  -494  -112  -104    68    76 
  |    69   |   0   |   1  0  0  0  1   |   -105  -105   -15   -15    25    25   -15   -15   -45   -45   |   0   ||    36  |   0  1  1  0  0   |    -59   -63  -491  -487  -507  -499  -107   -99    73    81 
  |    70   |   0   |   0  1  0  0  0   |   -110  -110   -10   -10    30    30   -10   -10   -50   -50   |   0   ||    36  |   0  0  1  1  0   |    -54   -58  -486  -482  -512  -504  -112  -104    78    86 
  |    70   |   0   |   0  1  0  0  0   |   -115  -115    -5    -5    25    25   -15   -15   -55   -55   |   0   ||    36  |   0  0  1  1  0   |    -59   -63  -491  -487  -507  -499  -107   -99    73    81 
  |    71   |   0   |   0  0  1  0  0   |   -120  -120     0     0    20    20   -20   -20   -60   -60   |   0   ||    37  |   1  0  0  1  1   |    -54   -58  -496  -492  -512  -504  -102   -94    78    86 
  |    71   |   0   |   0  0  1  0  0   |   -125  -125    -5    -5    25    25   -25   -25   -65   -65   |   0   ||    37  |   1  0  0  1  1   |    -49   -53  -501  -497  -517  -509   -97   -89    83    91 
  |    72   |   0   |   0  0  0  1  0   |   -130  -130   -10   -10    30    30   -30   -30   -70   -70   |   0   ||    37  |   1  1  0  0  1   |    -44   -48  -496  -492  -522  -514  -102   -94    88    96 
  |    72   |   0   |   0  0  0  1  0   |   -125  -125    -5    -5    35    35   -35   -35   -65   -65   |   0   ||    37  |   1  1  0  0  1   |    -49   -53  -501  -497  -517  -509   -97   -89    83    91 
  |    73   |   0   |   0  0  0  0  1   |   -120  -120     0     0    40    40   -40   -40   -60   -60   |   0   ||    38  |   1  1  1  0  0   |    -54   -58  -506  -502  -522  -514   -92   -84    88    96 
  |    73   |   0   |   0  0  0  0  1   |   -115  -115     5     5    45    45   -35   -35   -65   -65   |   0   ||    38  |   1  1  1  0  0   |    -59   -63  -511  -507  -527  -519   -87   -79    93   101 
  |    74   |   1   |   0  0  0  0  0   |   -110  -110    10    10    50    50   -30   -30   -70   -70   |   0   ||    38  |   1  1  1  1  0   |    -64   -68  -516  -512  -532  -524   -92   -84    98   106 
  |    74   |   1   |   0  0  0  0  0   |   -105  -105    15    15    55    55   -25   -25   -65   -65   |   0   ||    38  |   1  1  1  1  0   |    -69   -73  -521  -517  -537  -529   -97   -89   103   111 
  |    75   |   1   |   1  0  0  0  0   |   -100  -100    20    20    60    60   -20   -20   -60   -60   |   0   ||    39  |   0  1  1  1  1   |    -64   -68  -526  -522  -542  -534  -102   -94    98   106 
  |    75   |   1   |   1  0  0  0  0   |   -105  -105    25    25    65    65   -15   -15   -55   -55   |   0   ||    39  |   0  1  1  1  1   |    -59   -63  -531  -527  -547  -539  -107   -99    93   101 
  |    76   |   1   |   1  1  0  0  0   |   -110  -110    30    30    70    70   -10   -10   -50   -50   |   0   ||    39  |   0  0  1  1  1   |    -54   -58  -526  -522  -552  -544  -112  -104    88    96 
  |    76   |   1   |   1  1  0  0  0   |   -105  -105    35    35    65    65   -15   -15   -55   -55   |   0   ||    39  |   0  0  1  1  1   |    -59   -63  -531  -527  -547  -539  -107   -99    93   101 
  |    77   |   0   |   1  1  1  0  0   |   -100  -100    40    40    60    60   -20   -20   -60   -60   |   0   ||    40  |   1  0  0  1  1   |    -54   -58  -536  -532  -552  -544  -102   -94    98   106 
  |    77   |   0   |   1  1  1  0  0   |    -95   -95    45    45    65    65   -25   -25   -65   -65   |   0   ||    40  |   1  0  0  1  1   |    -49   -53  -541  -537  -557  -549   -97   -89   103   111 
  |    78   |   1   |   0  1  1  1  0   |    -90   -90    50    50    70    70   -30   -30   -70   -70   |   0   ||    40  |   1  1  0  0  1   |    -44   -48  -536  -532  -562  -554  -102   -94   108   116 
  |    78   |   1   |   0  1  1  1  0   |    -85   -85    45    45    65    65   -35   -35   -65   -65   |   0   ||    40  |   1  1  0  0  1   |    -49   -53  -541  -537  -557  -549   -97   -89   103   111 
  |    79   |   0   |   1  0  1  1  1   |    -80   -80    40    40    60    60   -40   -40   -60   -60   |   0   ||    41  |   0  1  1  0  0   |    -44   -48  -546  -542  -562  -554   -92   -84   108   116 
  |    79   |   0   |   1  0  1  1  1   |    -85   -85    45    45    55    55   -45   -45   -65   -65   |   0   ||    41  |   0  1  1  0  0   |    -39   -43  -551  -547  -567  -559   -87   -79   113   121 
  |    80   |   0   |   0  1  0  1  1   |    -90   -90    50    50    50    50   -50   -50   -70   -70   |   0   ||    41  |   0  0  1  1  0   |    -34   -38  -546  -542  -572  -564   -92   -84   118   126 
  |    80   |   0   |   0  1  0  1  1   |    -95   -95    55    55    45    45   -45   -45   -65   -65   |   0   ||    41  |   0  0  1  1  0   |    -39   -43  -551  -547  -567  -559   -87   -79   113   121 
  |    81   |   1   |   0  0  1  0  1   |   -100  -100    60    60    40    40   -40   -40   -60   -60   |   0   ||    42  |   1  0  0  1  1   |    -34   -38  -556  -552  -572  -564   -82   -74   118   126 
  |    81   |   1   |   0  0  1  0  1   |   -105  -105    55    55    45    45   -45   -45   -55   -55   |   0   ||    42  |   1  0  0  1  1   |    -29   -33  -561  -557  -577  -569   -77   -69   123   131 
  |    82   |   0   |   1  0  0  1  0   |   -110  -110    50    50    50    50   -50   -50   -50   -50   |   0   ||    42  |   1  1  0  0  1   |    -24   -28  -556  -552  -582  -574   -82   -74   128   136 
  |    82   |   0   |   1  0  0  1  0   |   -115  -115    55    55    55    55   -55   -55   -45   -45   |   0   ||    42  |   1  1  0  0  1   |    -29   -33  -561  -557  -577  -569   -77   -69   123   131 
  |    83   |   1   |   0  1  0  0  1   |   -120  -120    60    60    60    60   -60   -60   -40   -40   |   0   ||    43  |   1  1  1  0  0   |    -34   -38  -566  -562  -582  -574   -72   -64   128   136 
  |    83   |   1   |   0  1  0  0  1   |   -115  -115    55    55    65    65   -55   -55   -45   -45   |   0   ||    43  |   1  1  1  0  0   |    -39   -43  -571  -567  -587  -579   -67   -59   133   141 
  |    84   |   1   |   1  0  1  0  0   |   -110  -110    50    50    70    70   -50   -50   -50   -50   |   0   ||    43  |   1  1  1  1  0   |    -44   -48  -576  -572  -592  -584   -72   -64   138   146 
  |    84   |   1   |   1  0  1  0  0   |   -115  -115    55    55    65    65   -45   -45   -45   -45   |   0   ||    43  |   1  1  1  1  0   |    -49   -53  -581  -577  -597  -589   -77   -69   143   151 
  |    85   |   0   |   1  1  0  1  0   |   -120  -120    60    60    60    60   -40   -40   -40   -40   |   0   ||    44  |   0  1  1  1  1   |    -44   -48  -586  -582  -602  -594   -82   -74   138   146 
  |    85   |   0   |   1  1  0  1  0   |   -125  -125    55    55    65    65   -45   -45   -35   -35   |   0   ||    44  |   0  1  1  1  1   |    -39   -43  -591  -587  -607  -599   -87   -79   133   141 
  |    86   |   1   |   0  1  1  0  1   |   -130  -130    50    50    70    70   -50   -50   -30   -30   |   0   ||    44  |   0  0  1  1  1   |    -34   -38  -586  -582  -612  -604   -92   -84   128   136 
  |    86   |   1   |   0  1  1  0  1   |   -135  -135    55    55    75    75   -55   -55   -25   -25   |   0   ||    44  |   0  0  1  1  1   |    -39   -43  -591  -587  -607  -599   -87   -79   133   141 
  |    87   |   0   |   1  0  1  1  0   |   -140  -140    60    60    80    80   -60   -60   -20   -20   |   0   ||    45  |   1  0  0  1  1   |    -34   -38  -596  -592  -612  -604   -82   -74   138   146 
  |    87   |   0   |   1  0  1  1  0   |   -135  -135    55    55    85    85   -55   -55   -25   -25   |   0   ||    45  |   1  0  0  1  1   |    -29   -33  -601  -597  -617  -609   -77   -69   143   151 
  |    88   |   1   |   0  1  0  1  1   |   -130  -130    50    50    90    90   -50   -50   -30   -30   |   0   ||    45  |   1  1  0  0  1   |    -24   -28  -596  -592  -622  -614   -82   -74   148   156 
  |    88   |   1   |   0  1  0  1  1   |   -125  -125    45    45    95    95   -55   -55   -35   -35   |   0   ||    45  |   1  1  0  0  1   |    -29   -33  -601  -597  -617  -609   -77   -69   143   151 
  |    89   |   1   |   1  0  1  0  1   |   -120  -120    40    40   100   100   -60   -60   -40   -40   |   0   ||    46  |   0  1  1  0  0   |    -24   -28  -606  -602  -622  -614   -72   -64   148   156 
  |    89   |   1   |   1  0  1  0  1   |   -125  -125    45    45    95    95   -55   -55   -45   -45   |   0   ||    46  |   0  1  1  0  0   |    -19   -23  -611  -607  -627  -619   -67   -59   153   161 
  |    90   |   0   |   1  1  0  1  0   |   -130  -130    50    50    90    90   -50   -50   -50   -50   |   0   ||    46  |   0  0  1  1  0   |    -14   -18  -606  -602  -632  -624   -72   -64   158   166 
  |    90   |   0   |   1  1  0  1  0   |   -125  -125    55    55    85    85   -45   -45   -55   -55   |   0   ||    46  |   0  0  1  1  0   |    -19   -23  -611  -607  -627  -619   -67   -59   153   161 
  |    91   |   0   |   0  1  1  0  1   |   -120  -120    60    60    80    80   -40   -40   -60   -60   |   0   ||    47  |   1  0  0  1  1   |    -14   -18  -616  -612  -632  -624   -62   -54   158   166 
  |    91   |   0   |   0  1  1  0  1   |   -125  -125    65    65    85    85   -45   -45   -55   -55   |   0   ||    47  |   1  0  0  1  1   |     -9   -13  -621  -617  -637  -629   -57   -49   163   171 
  |    92   |   0   |   0  0  1  1  0   |   -130  -130    70    70    90    90   -50   -50   -50   -50   |   0   ||    47  |   1  1  0  0  1   |     -4    -8  -616  -612  -642  -634   -62   -54   168   176 
  |    92   |   0   |   0  0  1  1  0   |   -125  -125    75    75    85    85   -55   -55   -45   -45   |   0   ||    47  |   1  1  0  0  1   |     -9   -13  -621  -617  -637  -629   -57   -49   163   171 
  |    93   |   1   |   0  0  0  1  1   |   -120  -120    80    80    80    80   -60   -60   -40   -40   |   0   ||    48  |   0  1  1  0  0   |     -4    -8  -626  -622  -642  -634   -52   -44   168   176 
  |    93   |   1   |   0  0  0  1  1   |   -115  -115    85    85    85    85   -65   -65   -45   -45   |   0   ||    48  |   0  1  1  0  0   |      1    -3  -631  -627  -647  -639   -47   -39   173   181 
  |    94   |   1   |   1  0  0  0  1   |   -110  -110    90    90    90    90   -70   -70   -50   -50   |   0   ||    48  |   0  0  1  1  0   |      6     2  -626  -622  -652  -644   -52   -44   178   186 
  |    94   |   1   |   1  0  0  0  1   |   -105  -105    85    85    85    85   -75   -75   -45   -45   |   0   ||    48  |   0  0  1  1  0   |      1    -3  -631  -627  -647  -639   -47   -39   173   181 
  |    95   |   0   |   1  1  0  0  0   |   -100  -100    80    80    80    80   -80   -80   -40   -40   |   0   ||    49  |   0  0  0  1  1   |     -4    -8  -636  -632  -652  -644   -42   -34   178   186 
  |    95   |   0   |   1  1  0  0  0   |    -95   -95    85    85    75    75   -85   -85   -45   -45   |   0   ||    49  |   0  0  0  1  1   |     -9   -13  -641  -637  -657  -649   -37   -29   183   191 
  |    96   |   0   |   0  1  1  0  0   |    -90   -90    90    90    70    70   -90   -90   -50   -50   |   0   ||    49  |   0  0  0  0  1   |    -14   -18  -646  -642  -662  -654   -42   -34   188   196 
  |    96   |   0   |   0  1  1  0  0   |    -95   -95    95    95    75    75   -95   -95   -55   -55   |   0   ||    49  |   0  0  0  0  1   |    -19   -23  -651  -647  -667  -659   -47   -39   193   201 
  |    97   |   0   |   0  0  1  1  0   |   -100  -100   100   100    80    80  -100  -100   -60   -60   |   0   ||    50  |   0  0  0  0  0   |    -24   -28  -656  -652  -672  -664   -52   -44   188   196 
  |    97   |   0   |   0  0  1  1  0   |   -105  -105    95    95    85    85   -95   -95   -65   -65   |   0   ||    50  |   0  0  0  0  0   |    -29   -33  -661  -657  -677  -669   -57   -49   183   191 
  |    98   |   0   |   0  0  0  1  1   |   -110  -110    90    90    90    90   -90   -90   -70   -70   |   0   ||    50  |   0  0  0  0  0   |    -34   -38  -666  -662  -682  -674   -62   -54   178   186 
  |    98   |   0   |   0  0  0  1  1   |   -115  -115    85    85    85    85   -85   -85   -65   -65   |   0   ||    50  |   0  0  0  0  0   |    -39   -43  -671  -667  -687  -679   -67   -59   173   181 
  |    99   |   0   |   0  0  0  0  1   |   -120  -120    80    80    80    80   -80   -80   -60   -60   |   0   ||    51  |   0  0  0  0  0   |    -44   -48  -676  -672  -692  -684   -72   -64   168   176 
  |    99   |   0   |   0  0  0  0  1   |   -125  -125    75    75    75    75   -85   -85   -55   -55   |   0   ||    51  |   0  0  0  0  0   |    -49   -53  -681  -677  -697  -689   -77   -69   163   171 
  |   100   |   1   |   0  0  0  0  0   |   -130  -130    70    70    70    70   -90   -90   -50   -50   |   0   ||    51  |   0  0  0  0  0   |    -54   -58  -686  -682  -702  -694   -82   -74   158   166 
  |   100   |   1   |   0  0  0  0  0   |   -135  -135    65    65    65    65   -95   -95   -55   -55   |   0   ||    51  |   0  0  0  0  0   |    -59   -63  -691  -687  -707  -699   -87   -79   153   161 
  |   101   |   1   |   1  0  0  0  0   |   -140  -140    60    60    60    60  -100  -100   -60   -60   |   0   ||    52  |   0  0  0  0  0   |    -64   -68  -696  -692  -712  -704   -92   -84   148   156 
  |   101   |   1   |   1  0  0  0  0   |   -135  -135    55    55    55    55  -105  -105   -65   -65   |   0   ||    52  |   0  0  0  0  0   |    -69   -73  -701  -697  -717  -709   -97   -89   143   151 
  |   102   |   1   |   1  1  0  0  0   |   -130  -130    50    50    50    50  -110  -110   -70   -70   |   0   ||    52  |   0  0  0  0  0   |    -74   -78  -706  -702  -722  -714  -102   -94   138   146 
  |   102   |   1   |   1  1  0  0  0   |   -125  -125    55    55    45    45  -115  -115   -75   -75   |   0   ||    52  |   0  0  0  0  0   |    -79   -83  -711  -707  -727  -719  -107   -99   133   141 
  |   103   |   1   |   1  1  1  0  0   |   -120  -120    60    60    40    40  -120  -120   -80   -80   |   0   ||    53  |   1  0  0  0  0   |    -74   -78  -716  -712  -732  -724  -112  -104   128   136 
  |   103   |   1   |   1  1  1  0  0   |   -115  -115    65    65    45    45  -125  -125   -85   -85   |   0   ||    53  |   1  0  0  0  0   |    -69   -73  -721  -717  -737  -729  -117  -109   123   131 
  |   104   |   1   |   1  1  1  1  0   |   -110  -110    70    70    50    50  -130  -130   -90   -90   |   0   ||    53  |   1  1  0  0  0   |    -64   -68  -716  -712  -742  -734  -122  -114   118   126 
  |   104   |   1   |   1  1  1  1  0   |   -115  -115    65    65    45    45  -135  -135   -85   -85   |   0   ||    53  |   1  1  0  0  0   |    -69   -73  -721  -717  -737  -729  -117  -109   123   131 
  |   105   |   1   |   1  1  1  1  1   |   -120  -120    60    60    40    40  -140  -140   -80   -80   |   0   ||    54  |   1  1  1  0  0   |    -74   -78  -726  -722  -742  -734  -112  -104   128   136 
  |   105   |   1   |   1  1  1  1  1   |   -125  -125    55    55    35    35  -145  -145   -85   -85   |   0   ||    54  |   1  1  1  0  0   |    -79   -83  -731  -727  -747  -739  -107   -99   133   141 
  |   106   |   0   |   1  1  1  1  1   |   -130  -130    50    50    30    30  -150  -150   -90   -90   |   0   ||    54  |   1  1  1  1  0   |    -84   -88  -736  -732  -752  -744  -112  -104   138   146 
  |   106   |   0   |   1  1  1  1  1   |   -135  -135    45    45    25    25  -155  -155   -95   -95   |   0   ||    54  |   1  1  1  1  0   |    -89   -93  -741  -737  -757  -749  -117  -109   143   151 
  |   107   |   0   |   0  1  1  1  1   |   -140  -140    40    40    20    20  -160  -160  -100  -100   |   0   ||    55  |   0  1  1  1  1   |    -84   -88  -746  -742  -762  -754  -122  -114   138   146 
  |   107   |   0   |   0  1  1  1  1   |   -135  -135    35    35    15    15  -165  -165  -105  -105   |   0   ||    55  |   0  1  1  1  1   |    -79   -83  -751  -747  -767  -759  -127  -119   133   141 
  |   108   |   0   |   0  0  1  1  1   |   -130  -130    30    30    10    10  -170  -170  -110  -110   |   0   ||    55  |   0  0  1  1  1   |    -74   -78  -746  -742  -772  -764  -132  -124   128   136 
  |   108   |   0   |   0  0  1  1  1   |   -135  -135    25    25    15    15  -165  -165  -105  -105   |   0   ||    55  |   0  0  1  1  1   |    -79   -83  -751  -747  -767  -759  -127  -119   133   141 
  |   109   |   0   |   0  0  0  1  1   |   -140  -140    20    20    20    20  -160  -160  -100  -100   |   0   ||    56  |   1  0  0  1  1   |    -74   -78  -756  -752  -772  -764  -122  -114   138   146 
  |   109   |   0   |   0  0  0  1  1   |   -145  -145    15    15    15    15  -155  -155   -95   -95   |   0   ||    56  |   1  0  0  1  1   |    -69   -73  -761  -757  -777  -769  -117  -109   143   151 
  |   110   |   1   |   0  0  0  0  1   |   -150  -150    10    10    10    10  -150  -150   -90   -90   |   0   ||    56  |   1  1  0  0  1   |    -64   -68  -756  -752  -782  -774  -122  -114   148   156 
  |   110   |   1   |   0  0  0  0  1   |   -145  -145    15    15    15    15  -145  -145   -95   -95   |   0   ||    56  |   1  1  0  0  1   |    -69   -73  -761  -757  -777  -769  -117  -109   143   151 
  |   111   |   1   |   1  0  0  0  0   |   -140  -140    20    20    20    20  -140  -140  -100  -100   |   0   ||    57  |   0  1  1  0  0   |    -64   -68  -766  -762  -782  -774  -112  -104   148   156 
  |   111   |   1   |   1  0  0  0  0   |   -145  -145    25    25    25    25  -135  -135   -95   -95   |   0   ||    57  |   0  1  1  0  0   |    -59   -63  -771  -767  -787  -779  -107   -99   153   161 
  |   112   |   1   |   1  1  0  0  0   |   -150  -150    30    30    30    30  -130  -130   -90   -90   |   0   ||    57  |   0  0  1  1  0   |    -54   -58  -766  -762  -792  -784  -112  -104   158   166 
  |   112   |   1   |   1  1  0  0  0   |   -145  -145    35    35    25    25  -135  -135   -95   -95   |   0   ||    57  |   0  0  1  1  0   |    -59   -63  -771  -767  -787  -779  -107   -99   153   161 
  |   113   |   1   |   1  1  1  0  0   |   -140  -140    40    40    20    20  -140  -140  -100  -100   |   0   ||    58  |   0  0  0  1  1   |    -64   -68  -776  -772  -792  -784  -102   -94   158   166 
  |   113   |   1   |   1  1  1  0  0   |   -135  -135    45    45    25    25  -145  -145  -105  -105   |   0   ||    58  |   0  0  0  1  1   |    -69   -73  -781  -777  -797  -789   -97   -89   163   171 
  |   114   |   1   |   1  1  1  1  0   |   -130  -130    50    50    30    30  -150  -150  -110  -110   |   0   ||    58  |   0  0  0  0  1   |    -74   -78  -786  -782  -802  -794  -102   -94   168   176 
  |   114   |   1   |   1  1  1  1  0   |   -125  -125    55    55    35    35  -145  -145  -115  -115   |   0   ||    58  |   0  0  0  0  1   |    -79   -83  -791  -787  -807  -799  -107   -99   173   181 
  |   115   |   1   |   1  1  1  1  1   |   -120  -120    60    60    40    40  -140  -140  -120  -120   |   0   ||    59  |   1  0  0  0  0   |    -74   -78  -796  -792  -812  -804  -112  -104   168   176 
  |   115   |   1   |   1  1  1  1  1   |   -115  -115    65    65    45    45  -135  -135  -115  -115   |   0   ||    59  |   1  0  0  0  0   |    -69   -73  -801  -797  -817  -809  -117  -109   163   171 
  |   116   |   0   |   1  1  1  1  1   |   -110  -110    70    70    50    50  -130  -130  -110  -110   |   0   ||    59  |   1  1  0  0  0   |    -64   -68  -796  -792  -822  -814  -122  -114   158   166 
  |   116   |   0   |   1  1  1  1  1   |   -115  -115    65    65    45    45  -135  -135  -115  -115   |   0   ||    59  |   1  1  0  0  0   |    -69   -73  -801  -797  -817  -809  -117  -109   163   171 
  |   117   |   1   |   0  1  1  1  1   |   -120  -120    60    60    40    40  -140  -140  -120  -120   |   0   ||    60  |   0  1  1  0  0   |    -64   -68  -806  -802  -822  -814  -112  -104   168   176 
  |   117   |   1   |   0  1  1  1  1   |   -115  -115    55    55    35    35  -145  -145  -125  -125   |   0   ||    60  |   0  1  1  0  0   |    -59   -63  -811  -807  -827  -819  -107   -99   173   181 
  |   118   |   0   |   1  0  1  1  1   |   -110  -110    50    50    30    30  -150  -150  -130  -130   |   0   ||    60  |   0  0  1  1  0   |    -54   -58  -806  -802  -832  -824  -112  -104   178   186 
  |   118   |   0   |   1  0  1  1  1   |   -105  -105    45    45    35    35  -145  -145  -125  -125   |   0   ||    60  |   0  0  1  1  0   |    -59   -63  -811  -807  -827  -819  -107   -99   173   181 
  |   119   |   0   |   0  1  0  1  1   |   -100  -100    40    40    40    40  -140  -140  -120  -120   |   0   ||    61  |   0  0  0  1  1   |    -64   -68  -816  -812  -832  -824  -102   -94   178   186 
  |   119   |   0   |   0  1  0  1  1   |   -105  -105    45    45    35    35  -135  -135  -115  -115   |   0   ||    61  |   0  0  0  1  1   |    -69   -73  -821  -817  -837  -829   -97   -89   183   191 
  |   120   |   0   |   0  0  1  0  1   |   -110  -110    50    50    30    30  -130  -130  -110  -110   |   0   ||    61  |   0  0  0  0  1   |    -74   -78  -826  -822  -842  -834  -102   -94   188   196 
  |   120   |   0   |   0  0  1  0  1   |   -115  -115    45    45    35    35  -135  -135  -105  -105   |   0   ||    61  |   0  0  0  0  1   |    -79   -83  -831  -827  -847  -839  -107   -99   193   201 
  |   121   |   0   |   0  0  0  1  0   |   -120  -120    40    40    40    40  -140  -140  -100  -100   |   0   ||    62  |   1  0  0  0  0   |    -74   -78  -836  -832  -852  -844  -112  -104   188   196 
  |   121   |   0   |   0  0  0  1  0   |   -125  -125    35    35    35    35  -135  -135  -105  -105   |   0   ||    62  |   1  0  0  0  0   |    -69   -73  -841  -837  -857  -849  -117  -109   183   191 
  |   122   |   0   |   0  0  0  0  1   |   -130  -130    30    30    30    30  -130  -130  -110  -110   |   0   ||    62  |   1  1  0  0  0   |    -64   -68  -836  -832  -862  -854  -122  -114   178   186 
  |   122   |   0   |   0  0  0  0  1   |   -125  -125    35    35    35    35  -125  -125  -115  -115   |   0   ||    62  |   1  1  0  0  0   |    -69   -73  -841  -837  -857  -849  -117  -109   183   191 
  |   123   |   1   |   0  0  0  0  0   |   -120  -120    40    40    40    40  -120  -120  -120  -120   |   0   ||    63  |   1  1  1  0  0   |    -74   -78  -846  -842  -862  -854  -112  -104   188   196 
  |   123   |   1   |   0  0  0  0  0   |   -115  -115    45    45    45    45  -115  -115  -115  -115   |   0   ||    63  |   1  1  1  0  0   |    -79   -83  -851  -847  -867  -859  -107   -99   193   201 
  |   124   |   1   |   1  0  0  0  0   |   -110  -110    50    50    50    50  -110  -110  -110  -110   |   0   ||    63  |   1  1  1  1  0   |    -84   -88  -856  -852  -872  -864  -112  -104   198   206 
  |   124   |   1   |   1  0  0  0  0   |   -115  -115    55    55    55    55  -105  -105  -105  -105   |   0   ||    63  |   1  1  1  1  0   |    -89   -93  -861  -857  -877  -869  -117  -109   203   211 
  |   125   |   0   |   1  1  0  0  0   |   -120  -120    60    60    60    60  -100  -100  -100  -100   |   0   ||    64  |   1  1  1  1  1   |    -94   -98  -866  -862  -882  -874  -122  -114   198   206 
  |   125   |   0   |   1  1  0  0  0   |   -125  -125    55    55    65    65   -95   -95   -95   -95   |   0   ||    64  |   1  1  1  1  1   |    -99  -103  -871  -867  -887  -879  -127  -119   193   201 
  |   126   |   1   |   0  1  1  0  0   |   -130  -130    50    50    70    70   -90   -90   -90   -90   |   0   ||    64  |   1  1  1  1  1   |   -104  -108  -876  -872  -892  -884  -132  -124   188   196 
  |   126   |   1   |   0  1  1  0  0   |   -125  -125    45    45    65    65   -85   -85   -85   -85   |   0   ||    64  |   1  1  1  1  1   |   -109  -113  -881  -877  -897  -889  -137  -129   183   191 
  |   127   |   1   |   1  0  1  1  0   |   -120  -120    40    40    60    60   -80   -80   -80   -80   |   0   ||    65  |   0  1  1  1  1   |   -104  -108  -886  -882  -902  -894  -142  -134   178   186 
  |   127   |   1   |   1  0  1  1  0   |   -125  -125    45    45    55    55   -85   -85   -75   -75   |   0   ||    65  |   0  1  1  1  1   |    -99  -103  -891  -887  -907  -899  -147  -139   173   181 
  |   128   |   1   |   1  1  0  1  1   |   -130  -130    50    50    50    50   -90   -90   -70   -70   |   0   ||    65  |   0  0  1  1  1   |    -94   -98  -886  -882  -912  -904  -152  -144   168   176 
  |   128   |   1   |   1  1  0  1  1   |   -125  -125    55    55    45    45   -85   -85   -65   -65   |   0   ||    65  |   0  0  1  1  1   |    -99  -103  -891  -887  -907  -899  -147  -139   173   181 
  |   129   |   1   |   1  1  1  0  1   |   -120  -120    60    60    40    40   -80   -80   -60   -60   |   0   ||    66  |   0  0  0  1  1   |   -104  -108  -896  -892  -912  -904  -142  -134   178   186 
  |   129   |   1   |   1  1  1  0  1   |   -115  -115    65    65    45    45   -85   -85   -55   -55   |   0   ||    66  |   0  0  0  1  1   |   -109  -113  -901  -897  -917  -909  -137  -129   183   191 
  |   130   |   1   |   1  1  1  1  0   |   -110  -110    70    70    50    50   -90   -90   -50   -50   |   0   ||    66  |   0  0  0  0  1   |   -114  -118  -906  -902  -922  -914  -142  -134   188   196 
  |   130   |   1   |   1  1  1  1  0   |   -105  -105    75    75    55    55   -85   -85   -55   -55   |   0   ||    66  |   0  0  0  0  1   |   -119  -123  -911  -907  -927  -919  -147  -139   193   201 
  |   131   |   1   |   1  1  1  1  1   |   -100  -100    80    80    60    60   -80   -80   -60   -60   |   0   ||    67  |   0  0  0  0  0   |   -124  -128  -916  -912  -932  -924  -152  -144   188   196 
  |   131   |   1   |   1  1  1  1  1   |    -95   -95    85    85    65    65   -75   -75   -55   -55   |   0   ||    67  |   0  0  0  0  0   |   -129  -133  -921  -917  -937  -929  -157  -149   183   191 
  |   132   |   0   |   1  1  1  1  1   |    -90   -90    90    90    70    70   -70   -70   -50   -50   |   0   ||    67  |   0  0  0  0  0   |   -134  -138  -926  -922  -942  -934  -162  -154   178   186 
  |   132   |   0   |   1  1  1  1  1   |    -85   -85    95    95    75    75   -65   -65   -45   -45   |   0   ||    67  |   0  0  0  0  0   |   -139  -143  -931  -927  -947  -939  -167  -159   173   181 
  |   133   |   0   |   0  1  1  1  1   |    -80   -80   100   100    80    80   -60   -60   -40   -40   |   0   ||    68  |   1  0  0  0  0   |   -134  -138  -936  -932  -952  -944  -172  -164   168   176 
  |   133   |   0   |   0  1  1  1  1   |    -85   -85   105   105    85    85   -55   -55   -35   -35   |   0   ||    68  |   1  0  0  0  0   |   -129  -133  -941  -937  -957  -949  -177  -169   163   171 
  |   134   |   1   |   0  0  1  1  1   |    -90   -90   110   110    90    90   -50   -50   -30   -30   |   0   ||    68  |   1  1  0  0  0   |   -124  -128  -936  -932  -962  -954  -182  -174   158   166 
  |   134   |   1   |   0  0  1  1  1   |    -85   -85   115   115    85    85   -55   -55   -35   -35   |   0   ||    68  |   1  1  0  0  0   |   -129  -133  -941  -937  -957  -949  -177  -169   163   171 
  |   135   |   1   |   1  0  0  1  1   |    -80   -80   120   120    80    80   -60   -60   -40   -40   |   0   ||    69  |   0  1  1  0  0   |   -124  -128  -946  -942  -962  -954  -172  -164   168   176 
  |   135   |   1   |   1  0  0  1  1   |    -85   -85   125   125    85    85   -65   -65   -45   -45   |   0   ||    69  |   0  1  1  0  0   |   -119  -123  -951  -947  -967  -959  -167  -159   173   181 
  |   136   |   0   |   1  1  0  0  1   |    -90   -90   130   130    90    90   -70   -70   -50   -50   |   0   ||    69  |   0  0  1  1  0   |   -114  -118  -946  -942  -972  -964  -172  -164   178   186 
  |   136   |   0   |   1  1  0  0  1   |    -85   -85   135   135    85    85   -75   -75   -45   -45   |   0   ||    69  |   0  0  1  1  0   |   -119  -123  -951  -947  -967  -959  -167  -159   173   181 
  |   137   |   0   |   0  1  1  0  0   |    -80   -80   140   140    80    80   -80   -80   -40   -40   |   0   ||    70  |   0  0  0  1  1   |   -124  -128  -956  -952  -972  -964  -162  -154   178   186 
  |   137   |   0   |   0  1  1  0  0   |    -85   -85   145   145    85    85   -85   -85   -45   -45   |   0   ||    70  |   0  0  0  1  1   |   -129  -133  -961  -957  -977  -969  -157  -149   183   191 
  |   138   |   0   |   0  0  1  1  0   |    -90   -90   150   150    90    90   -90   -90   -50   -50   |   0   ||    70  |   0  0  0  0  1   |   -134  -138  -966  -962  -982  -974  -162  -154   188   196 
  |   138   |   0   |   0  0  1  1  0   |    -95   -95   145   145    95    95   -85   -85   -55   -55   |   0   ||    70  |   0  0  0  0  1   |   -139  -143  -971  -967  -987  -979  -167  -159   193   201 
  |   139   |   0   |   0  0  0  1  1   |   -100  -100   140   140   100   100   -80   -80   -60   -60   |   0   ||    71  |   0  0  0  0  0   |   -144  -148  -976  -972  -992  -984  -172  -164   188   196 
  |   139   |   0   |   0  0  0  1  1   |   -105  -105   135   135    95    95   -75   -75   -55   -55   |   0   ||    71  |   0  0  0  0  0   |   -149  -153  -981  -977  -997  -989  -177  -169   183   191 
  |   140   |   1   |   0  0  0  0  1   |   -110  -110   130   130    90    90   -70   -70   -50   -50   |   0   ||    71  |   0  0  0  0  0   |   -154  -158  -986  -982 -1002  -994  -182  -174   178   186 
  |   140   |   1   |   0  0  0  0  1   |   -115  -115   125   125    85    85   -75   -75   -45   -45   |   0   ||    71  |   0  0  0  0  0   |   -159  -163  -991  -987 -1007  -999  -187  -179   173   181 
  |   141   |   0   |   1  0  0  0  0   |   -120  -120   120   120    80    80   -80   -80   -40   -40   |   0   ||    72  |   0  0  0  0  0   |   -164  -168  -996  -992 -1012 -1004  -192  -184   168   176 
  |   141   |   0   |   1  0  0  0  0   |   -115  -115   115   115    75    75   -85   -85   -45   -45   |   0   ||    72  |   0  0  0  0  0   |   -169  -173 -1001  -997 -1017 -1009  -197  -189   163   171 
  |   142   |   0   |   0  1  0  0  0   |   -110  -110   110   110    70    70   -90   -90   -50   -50   |   0   ||    72  |   0  0  0  0  0   |   -174  -178 -1006 -1002 -1022 -1014  -202  -194   158   166 
  |   142   |   0   |   0  1  0  0  0   |   -115  -115   115   115    65    65   -95   -95   -55   -55   |   0   ||    72  |   0  0  0  0  0   |   -179  -183 -1011 -1007 -1027 -1019  -207  -199   153   161 
  |   143   |   0   |   0  0  1  0  0   |   -120  -120   120   120    60    60  -100  -100   -60   -60   |   0   ||    73  |   0  0  0  0  0   |   -184  -188 -1016 -1012 -1032 -1024  -212  -204   148   156 
  |   143   |   0   |   0  0  1  0  0   |   -125  -125   115   115    65    65  -105  -105   -65   -65   |   0   ||    73  |   0  0  0  0  0   |   -189  -193 -1021 -1017 -1037 -1029  -217  -209   143   151 
  |   144   |   1   |   0  0  0  1  0   |   -130  -130   110   110    70    70  -110  -110   -70   -70   |   0   ||    73  |   0  0  0  0  0   |   -194  -198 -1026 -1022 -1042 -1034  -222  -214   138   146 
  |   144   |   1   |   0  0  0  1  0   |   -135  -135   105   105    65    65  -105  -105   -75   -75   |   0   ||    73  |   0  0  0  0  0   |   -199  -203 -1031 -1027 -1047 -1039  -227  -219   133   141 
  |   145   |   1   |   1  0  0  0  1   |   -140  -140   100   100    60    60  -100  -100   -80   -80   |   0   ||    74  |   1  0  0  0  0   |   -194  -198 -1036 -1032 -1052 -1044  -232  -224   128   136 
  |   145   |   1   |   1  0  0  0  1   |   -135  -135    95    95    55    55  -105  -105   -75   -75   |   0   ||    74  |   1  0  0  0  0   |   -189  -193 -1041 -1037 -1057 -1049  -237  -229   123   131 
  |   146   |   0   |   1  1  0  0  0   |   -130  -130    90    90    50    50  -110  -110   -70   -70   |   0   ||    74  |   1  1  0  0  0   |   -184  -188 -1036 -1032 -1062 -1054  -242  -234   118   126 
  |   146   |   0   |   1  1  0  0  0   |   -135  -135    85    85    55    55  -105  -105   -65   -65   |   0   ||    74  |   1  1  0  0  0   |   -189  -193 -1041 -1037 -1057 -1049  -237  -229   123   131 
  |   147   |   1   |   0  1  1  0  0   |   -140  -140    80    80    60    60  -100  -100   -60   -60   |   0   ||    75  |   1  1  1  0  0   |   -194  -198 -1046 -1042 -1062 -1054  -232  -224   128   136 
  |   147   |   1   |   0  1  1  0  0   |   -135  -135    75    75    55    55   -95   -95   -55   -55   |   0   ||    75  |   1  1  1  0  0   |   -199  -203 -1051 -1047 -1067 -1059  -227  -219   133   141 
  |   148   |   0   |   1  0  1  1  0   |   -130  -130    70    70    50    50   -90   -90   -50   -50   |   0   ||    75  |   1  1  1  1  0   |   -204  -208 -1056 -1052 -1072 -1064  -232  -224   138   146 
  |   148   |   0   |   1  0  1  1  0   |   -135  -135    75    75    45    45   -95   -95   -45   -45   |   0   ||    75  |   1  1  1  1  0   |   -209  -213 -1061 -1057 -1077 -1069  -237  -229   143   151 
  |   149   |   1   |   0  1  0  1  1   |   -140  -140    80    80    40    40  -100  -100   -40   -40   |   0   ||    76  |   1  1  1  1  1   |   -214  -218 -1066 -1062 -1082 -1074  -242  -234   138   146 
  |   149   |   1   |   0  1  0  1  1   |   -135  -135    75    75    45    45  -105  -105   -45   -45   |   0   ||    76  |   1  1  1  1  1   |   -219  -223 -1071 -1067 -1087 -1079  -247  -239   133   141 
  |   150   |   0   |   1  0  1  0  1   |   -130  -130    70    70    50    50  -110  -110   -50   -50   |   0   ||    76  |   1  1  1  1  1   |   -224  -228 -1076 -1072 -1092 -1084  -252  -244   128   136 
  |   150   |   0   |   1  0  1  0  1   |   -135  -135    75    75    45    45  -105  -105   -55   -55   |   0   ||    76  |   1  1  1  1  1   |   -229  -233 -1081 -1077 -1097 -1089  -257  -249   123   131 
  |   151   |   0   |   0  1  0  1  0   |   -140  -140    80    80    40    40  -100  -100   -60   -60   |   0   ||    77  |   0  1  1  1  1   |   -224  -228 -1086 -1082 -1102 -1094  -262  -254   118   126 
  |   151   |   0   |   0  1  0  1  0   |   -135  -135    75    75    45    45  -105  -105   -55   -55   |   0   ||    77  |   0  1  1  1  1   |   -219  -223 -1091 -1087 -1107 -1099  -267  -259   113   121 
  |   152   |   1   |   0  0  1  0  1   |   -130  -130    70    70    50    50  -110  -110   -50   -50   |   0   ||    77  |   0  0  1  1  1   |   -214  -218 -1086 -1082 -1112 -1104  -272  -264   108   116 
  |   152   |   1   |   0  0  1  0  1   |   -135  -135    65    65    55    55  -115  -115   -45   -45   |   0   ||    77  |   0  0  1  1  1   |   -219  -223 -1091 -1087 -1107 -1099  -267  -259   113   121 
  |   153   |   1   |   1  0  0  1  0   |   -140  -140    60    60    60    60  -120  -120   -40   -40   |   0   ||    78  |   1  0  0  1  1   |   -214  -218 -1096 -1092 -1112 -1104  -262  -254   118   126 
  |   153   |   1   |   1  0  0  1  0   |   -135  -135    55    55    55    55  -115  -115   -45   -45   |   0   ||    78  |   1  0  0  1  1   |   -209  -213 -1101 -1097 -1117 -1109  -257  -249   123   131 
  |   154   |   0   |   1  1  0  0  1   |   -130  -130    50    50    50    50  -110  -110   -50   -50   |   0   ||    78  |   1  1  0  0  1   |   -204  -208 -1096 -1092 -1122 -1114  -262  -254   128   136 
  |   154   |   0   |   1  1  0  0  1   |   -135  -135    45    45    55    55  -105  -105   -55   -55   |   0   ||    78  |   1  1  0  0  1   |   -209  -213 -1101 -1097 -1117 -1109  -257  -249   123   131 
  |   155   |   0   |   0  1  1  0  0   |   -140  -140    40    40    60    60  -100  -100   -60   -60   |   0   ||    79  |   0  1  1  0  0   |   -204  -208 -1106 -1102 -1122 -1114  -252  -244   128   136 
  |   155   |   0   |   0  1  1  0  0   |   -135  -135    35    35    55    55   -95   -95   -55   -55   |   0   ||    79  |   0  1  1  0  0   |   -199  -203 -1111 -1107 -1127 -1119  -247  -239   133   141 
  |   156   |   0   |   0  0  1  1  0   |   -130  -130    30    30    50    50   -90   -90   -50   -50   |   0   ||    79  |   0  0  1  1  0   |   -194  -198 -1106 -1102 -1132 -1124  -252  -244   138   146 
  |   156   |   0   |   0  0  1  1  0   |   -135  -135    25    25    55    55   -85   -85   -55   -55   |   0   ||    79  |   0  0  1  1  0   |   -199  -203 -1111 -1107 -1127 -1119  -247  -239   133   141 
  |   157   |   0   |   0  0  0  1  1   |   -140  -140    20    20    60    60   -80   -80   -60   -60   |   0   ||    80  |   0  0  0  1  1   |   -204  -208 -1116 -1112 -1132 -1124  -242  -234   138   146 
  |   157   |   0   |   0  0  0  1  1   |   -145  -145    15    15    55    55   -75   -75   -55   -55   |   0   ||    80  |   0  0  0  1  1   |   -209  -213 -1121 -1117 -1137 -1129  -237  -229   143   151 
  |   158   |   1   |   0  0  0  0  1   |   -150  -150    10    10    50    50   -70   -70   -50   -50   |   0   ||    80  |   0  0  0  0  1   |   -214  -218 -1126 -1122 -1142 -1134  -242  -234   148   156 
  |   158   |   1   |   0  0  0  0  1   |   -155  -155     5     5    45    45   -75   -75   -45   -45   |   0   ||    80  |   0  0  0  0  1   |   -219  -223 -1131 -1127 -1147 -1139  -247  -239   153   161 
  |   159   |   1   |   1  0  0  0  0   |   -160  -160     0     0    40    40   -80   -80   -40   -40   |   0   ||    81  |   1  0  0  0  0   |   -214  -218 -1136 -1132 -1152 -1144  -252  -244   148   156 
  |   159   |   1   |   1  0  0  0  0   |   -155  -155    -5    -5    35    35   -85   -85   -45   -45   |   0   ||    81  |   1  0  0  0  0   |   -209  -213 -1141 -1137 -1157 -1149  -257  -249   143   151 
  |   160   |   1   |   1  1  0  0  0   |   -150  -150   -10   -10    30    30   -90   -90   -50   -50   |   0   ||    81  |   1  1  0  0  0   |   -204  -208 -1136 -1132 -1162 -1154  -262  -254   138   146 
  |   160   |   1   |   1  1  0  0  0   |   -155  -155   -15   -15    35    35   -85   -85   -45   -45   |   0   ||    81  |   1  1  0  0  0   |   -209  -213 -1141 -1137 -1157 -1149  -257  -249   143   151 
  |   161   |   1   |   1  1  1  0  0   |   -160  -160   -20   -20    40    40   -80   -80   -40   -40   |   0   ||    82  |   0  1  1  0  0   |   -204  -208 -1146 -1142 -1162 -1154  -252  -244   148   156 
  |   161   |   1   |   1  1  1  0  0   |   -165  -165   -25   -25    35    35   -75   -75   -35   -35   |   0   ||    82  |   0  1  1  0  0   |   -199  -203 -1151 -1147 -1167 -1159  -247  -239   153   161 
  |   162   |   0   |   1  1  1  1  0   |   -170  -170   -30   -30    30    30   -70   -70   -30   -30   |   0   ||    82  |   0  0  1  1  0   |   -194  -198 -1146 -1142 -1172 -1164  -252  -244   158   166 
  |   162   |   0   |   1  1  1  1  0   |   -165  -165   -25   -25    35    35   -65   -65   -35   -35   |   0   ||    82  |   0  0  1  1  0   |   -199  -203 -1151 -1147 -1167 -1159  -247  -239   153   161 
  |   163   |   0   |   0  1  1  1  1   |   -160  -160   -20   -20    40    40   -60   -60   -40   -40   |   0   ||    83  |   1  0  0  1  1   |   -194  -198 -1156 -1152 -1172 -1164  -242  -234   158   166 
  |   163   |   0   |   0  1  1  1  1   |   -165  -165   -15   -15    45    45   -55   -55   -35   -35   |   0   ||    83  |   1  0  0  1  1   |   -189  -193 -1161 -1157 -1177 -1169  -237  -229   163   171 
  |   164   |   0   |   0  0  1  1  1   |   -170  -170   -10   -10    50    50   -50   -50   -30   -30   |   0   ||    83  |   1  1  0  0  1   |   -184  -188 -1156 -1152 -1182 -1174  -242  -234   168   176 
  |   164   |   0   |   0  0  1  1  1   |   -165  -165    -5    -5    45    45   -55   -55   -35   -35   |   0   ||    83  |   1  1  0  0  1   |   -189  -193 -1161 -1157 -1177 -1169  -237  -229   163   171 
  |   165   |   0   |   0  0  0  1  1   |   -160  -160     0     0    40    40   -60   -60   -40   -40   |   0   ||    84  |   1  1  1  0  0   |   -194  -198 -1166 -1162 -1182 -1174  -232  -224   168   176 
  |   165   |   0   |   0  0  0  1  1   |   -155  -155     5     5    45    45   -65   -65   -45   -45   |   0   ||    84  |   1  1  1  0  0   |   -199  -203 -1171 -1167 -1187 -1179  -227  -219   173   181 
  |   166   |   1   |   0  0  0  0  1   |   -150  -150    10    10    50    50   -70   -70   -50   -50   |   0   ||    84  |   1  1  1  1  0   |   -204  -208 -1176 -1172 -1192 -1184  -232  -224   178   186 
  |   166   |   1   |   0  0  0  0  1   |   -145  -145    15    15    55    55   -65   -65   -55   -55   |   0   ||    84  |   1  1  1  1  0   |   -209  -213 -1181 -1177 -1197 -1189  -237  -229   183   191 
  |   167   |   1   |   1  0  0  0  0   |   -140  -140    20    20    60    60   -60   -60   -60   -60   |   0   ||    85  |   0  1  1  1  1   |   -204  -208 -1186 -1182 -1202 -1194  -242  -234   178   186 
  |   167   |   1   |   1  0  0  0  0   |   -145  -145    25    25    65    65   -55   -55   -55   -55   |   0   ||    85  |   0  1  1  1  1   |   -199  -203 -1191 -1187 -1207 -1199  -247  -239   173   181 
  |   168   |   0   |   1  1  0  0  0   |   -150  -150    30    30    70    70   -50   -50   -50   -50   |   0   ||    85  |   0  0  1  1  1   |   -194  -198 -1186 -1182 -1212 -1204  -252  -244   168   176 
  |   168   |   0   |   1  1  0  0  0   |   -145  -145    35    35    65    65   -55   -55   -55   -55   |   0   ||    85  |   0  0  1  1  1   |   -199  -203 -1191 -1187 -1207 -1199  -247  -239   173   181 
  |   169   |   1   |   0  1  1  0  0   |   -140  -140    40    40    60    60   -60   -60   -60   -60   |   0   ||    86  |   1  0  0  1  1   |   -194  -198 -1196 -1192 -1212 -1204  -242  -234   178   186 
  |   169   |   1   |   0  1  1  0  0   |   -145  -145    45    45    65    65   -65   -65   -65   -65   |   0   ||    86  |   1  0  0  1  1   |   -189  -193 -1201 -1197 -1217 -1209  -237  -229   183   191 
  |   170   |   0   |   1  0  1  1  0   |   -150  -150    50    50    70    70   -70   -70   -70   -70   |   0   ||    86  |   1  1  0  0  1   |   -184  -188 -1196 -1192 -1222 -1214  -242  -234   188   196 
  |   170   |   0   |   1  0  1  1  0   |   -155  -155    55    55    65    65   -75   -75   -65   -65   |   0   ||    86  |   1  1  0  0  1   |   -189  -193 -1201 -1197 -1217 -1209  -237  -229   183   191 
  |   171   |   1   |   0  1  0  1  1   |   -160  -160    60    60    60    60   -80   -80   -60   -60   |   0   ||    87  |   0  1  1  0  0   |   -184  -188 -1206 -1202 -1222 -1214  -232  -224   188   196 
  |   171   |   1   |   0  1  0  1  1   |   -155  -155    55    55    65    65   -85   -85   -65   -65   |   0   ||    87  |   0  1  1  0  0   |   -179  -183 -1211 -1207 -1227 -1219  -227  -219   193   201 
  |   172   |   0   |   1  0  1  0  1   |   -150  -150    50    50    70    70   -90   -90   -70   -70   |   0   ||    87  |   0  0  1  1  0   |   -174  -178 -1206 -1202 -1232 -1224  -232  -224   198   206 
  |   172   |   0   |   1  0  1  0  1   |   -145  -145    45    45    75    75   -95   -95   -65   -65   |   0   ||    87  |   0  0  1  1  0   |   -179  -183 -1211 -1207 -1227 -1219  -227  -219   193   201 
  |   173   |   0   |   0  1  0  1  0   |   -140  -140    40    40    80    80  -100  -100   -60   -60   |   0   ||    88  |   1  0  0  1  1   |   -174  -178 -1216 -1212 -1232 -1224  -222  -214   198   206 
  |   173   |   0   |   0  1  0  1  0   |   -145  -145    45    45    75    75   -95   -95   -65   -65   |   0   ||    88  |   1  0  0  1  1   |   -169  -173 -1221 -1217 -1237 -1229  -217  -209   203   211 
  |   174   |   1   |   0  0  1  0  1   |   -150  -150    50    50    70    70   -90   -90   -70   -70   |   0   ||    88  |   1  1  0  0  1   |   -164  -168 -1216 -1212 -1242 -1234  -222  -214   208   216 
  |   174   |   1   |   0  0  1  0  1   |   -145  -145    55    55    65    65   -85   -85   -75   -75   |   0   ||    88  |   1  1  0  0  1   |   -169  -173 -1221 -1217 -1237 -1229  -217  -209   203   211 
  |   175   |   0   |   1  0  0  1  0   |   -140  -140    60    60    60    60   -80   -80   -80   -80   |   0   ||    89  |   1  1  1  0  0   |   -174  -178 -1226 -1222 -1242 -1234  -212  -204   208   216 
  |   175   |   0   |   1  0  0  1  0   |   -145  -145    65    65    65    65   -85   -85   -75   -75   |   0   ||    89  |   1  1  1  0  0   |   -179  -183 -1231 -1227 -1247 -1239  -207  -199   213   221 
  |   176   |   0   |   0  1  0  0  1   |   -150  -150    70    70    70    70   -90   -90   -70   -70   |   0   ||    89  |   1  1  1  1  0   |   -184  -188 -1236 -1232 -1252 -1244  -212  -204   218   226 
  |   176   |   0   |   0  1  0  0  1   |   -145  -145    65    65    75    75   -85   -85   -75   -75   |   0   ||    89  |   1  1  1  1  0   |   -189  -193 -1241 -1237 -1257 -1249  -217  -209   223   231 
  |   177   |   1   |   0  0  1  0  0   |   -140  -140    60    60    80    80   -80   -80   -80   -80   |   0   ||    90  |   0  1  1  1  1   |   -184  -188 -1246 -1242 -1262 -1254  -222  -214   218   226 
  |   177   |   1   |   0  0  1  0  0   |   -135  -135    65    65    75    75   -75   -75   -75   -75   |   0   ||    90  |   0  1  1  1  1   |   -179  -183 -1251 -1247 -1267 -1259  -227  -219   213   221 
  |   178   |   0   |   1  0  0  1  0   |   -130  -130    70    70    70    70   -70   -70   -70   -70   |   0   ||    90  |   0  0  1  1  1   |   -174  -178 -1246 -1242 -1272 -1264  -232  -224   208   216 
  |   178   |   0   |   1  0  0  1  0   |   -125  -125    65    65    65    65   -65   -65   -75   -75   |   0   ||    90  |   0  0  1  1  1   |   -179  -183 -1251 -1247 -1267 -1259  -227  -219   213   221 
  |   179   |   0   |   0  1  0  0  1   |   -120  -120    60    60    60    60   -60   -60   -80   -80   |   0   ||    91  |   0  0  0  1  1   |   -184  -188 -1256 -1252 -1272 -1264  -222  -214   218   226 
  |   179   |   0   |   0  1  0  0  1   |   -125  -125    65    65    55    55   -65   -65   -75   -75   |   0   ||    91  |   0  0  0  1  1   |   -189  -193 -1261 -1257 -1277 -1269  -217  -209   223   231 
  |   180   |   1   |   0  0  1  0  0   |   -130  -130    70    70    50    50   -70   -70   -70   -70   |   0   ||    91  |   0  0  0  0  1   |   -194  -198 -1266 -1262 -1282 -1274  -222  -214   228   236 
  |   180   |   1   |   0  0  1  0  0   |   -135  -135    65    65    55    55   -75   -75   -75   -75   |   0   ||    91  |   0  0  0  0  1   |   -199  -203 -1271 -1267 -1287 -1279  -227  -219   233   241 
  |   181   |   1   |   1  0  0  1  0   |   -140  -140    60    60    60    60   -80   -80   -80   -80   |   0   ||    92  |   0  0  0  0  0   |   -204  -208 -1276 -1272 -1292 -1284  -232  -224   228   236 
  |   181   |   1   |   1  0  0  1  0   |   -135  -135    55    55    55    55   -75   -75   -85   -85   |   0   ||    92  |   0  0  0  0  0   |   -209  -213 -1281 -1277 -1297 -1289  -237  -229   223   231 
  |   182   |   1   |   1  1  0  0  1   |   -130  -130    50    50    50    50   -70   -70   -90   -90   |   0   ||    92  |   0  0  0  0  0   |   -214  -218 -1286 -1282 -1302 -1294  -242  -234   218   226 
  |   182   |   1   |   1  1  0  0  1   |   -125  -125    55    55    45    45   -75   -75   -85   -85   |   0   ||    92  |   0  0  0  0  0   |   -219  -223 -1291 -1287 -1307 -1299  -247  -239   213   221 
  |   183   |   0   |   1  1  1  0  0   |   -120  -120    60    60    40    40   -80   -80   -80   -80   |   0   ||    93  |   1  0  0  0  0   |   -214  -218 -1296 -1292 -1312 -1304  -252  -244   208   216 
  |   183   |   0   |   1  1  1  0  0   |   -115  -115    65    65    45    45   -85   -85   -85   -85   |   0   ||    93  |   1  0  0  0  0   |   -209  -213 -1301 -1297 -1317 -1309  -257  -249   203   211 
  |   184   |   0   |   0  1  1  1  0   |   -110  -110    70    70    50    50   -90   -90   -90   -90   |   0   ||    93  |   1  1  0  0  0   |   -204  -208 -1296 -1292 -1322 -1314  -262  -254   198   206 
  |   184   |   0   |   0  1  1  1  0   |   -105  -105    65    65    45    45   -95   -95   -85   -85   |   0   ||    93  |   1  1  0  0  0   |   -209  -213 -1301 -1297 -1317 -1309  -257  -249   203   211 
  |   185   |   0   |   0  0  1  1  1   |   -100  -100    60    60    40    40  -100  -100   -80   -80   |   0   ||    94  |   1  1  1  0  0   |   -214  -218 -1306 -1302 -1322 -1314  -252  -244   208   216 
  |   185   |   0   |   0  0  1  1  1   |    -95   -95    65    65    35    35  -105  -105   -85   -85   |   0   ||    94  |   1  1  1  0  0   |   -219  -223 -1311 -1307 -1327 -1319  -247  -239   213   221 
  |   186   |   1   |   0  0  0  1  1   |    -90   -90    70    70    30    30  -110  -110   -90   -90   |   0   ||    94  |   1  1  1  1  0   |   -224  -228 -1316 -1312 -1332 -1324  -252  -244   218   226 
  |   186   |   1   |   0  0  0  1  1   |    -85   -85    75    75    35    35  -115  -115   -95   -95   |   0   ||    94  |   1  1  1  1  0   |   -229  -233 -1321 -1317 -1337 -1329  -257  -249   223   231 
  |   187   |   0   |   1  0  0  0  1   |    -80   -80    80    80    40    40  -120  -120  -100  -100   |   0   ||    95  |   0  1  1  1  1   |   -224  -228 -1326 -1322 -1342 -1334  -262  -254   218   226 
  |   187   |   0   |   1  0  0  0  1   |    -85   -85    85    85    45    45  -115  -115  -105  -105   |   0   ||    95  |   0  1  1  1  1   |   -219  -223 -1331 -1327 -1347 -1339  -267  -259   213   221 
  |   188   |   0   |   0  1  0  0  0   |    -90   -90    90    90    50    50  -110  -110  -110  -110   |   0   ||    95  |   0  0  1  1  1   |   -214  -218 -1326 -1322 -1352 -1344  -272  -264   208   216 
  |   188   |   0   |   0  1  0  0  0   |    -95   -95    95    95    45    45  -115  -115  -115  -115   |   0   ||    95  |   0  0  1  1  1   |   -219  -223 -1331 -1327 -1347 -1339  -267  -259   213   221 
  |   189   |   1   |   0  0  1  0  0   |   -100  -100   100   100    40    40  -120  -120  -120  -120   |   0   ||    96  |   0  0  0  1  1   |   -224  -228 -1336 -1332 -1352 -1344  -262  -254   218   226 
  |   189   |   1   |   0  0  1  0  0   |   -105  -105    95    95    45    45  -125  -125  -125  -125   |   0   ||    96  |   0  0  0  1  1   |   -229  -233 -1341 -1337 -1357 -1349  -257  -249   223   231 
  |   190   |   1   |   1  0  0  1  0   |   -110  -110    90    90    50    50  -130  -130  -130  -130   |   0   ||    96  |   0  0  0  0  1   |   -234  -238 -1346 -1342 -1362 -1354  -262  -254   228   236 
  |   190   |   1   |   1  0  0  1  0   |   -105  -105    85    85    45    45  -125  -125  -135  -135   |   0   ||    96  |   0  0  0  0  1   |   -239  -243 -1351 -1347 -1367 -1359  -267  -259   233   241 
  |   191   |   0   |   1  1  0  0  1   |   -100  -100    80    80    40    40  -120  -120  -140  -140   |   0   ||    97  |   0  0  0  0  0   |   -244  -248 -1356 -1352 -1372 -1364  -272  -264   228   236 
  |   191   |   0   |   1  1  0  0  1   |    -95   -95    85    85    35    35  -125  -125  -135  -135   |   0   ||    97  |   0  0  0  0  0   |   -249  -253 -1361 -1357 -1377 -1369  -277  -269   223   231 
  |   192   |   1   |   0  1  1  0  0   |    -90   -90    90    90    30    30  -130  -130  -130  -130   |   0   ||    97  |   0  0  0  0  0   |   -254  -258 -1366 -1362 -1382 -1374  -282  -274   218   226 
  |   192   |   1   |   0  1  1  0  0   |    -95   -95    95    95    35    35  -135  -135  -135  -135   |   0   ||    97  |   0  0  0  0  0   |   -259  -263 -1371 -1367 -1387 -1379  -287  -279   213   221 
  |   193   |   1   |   1  0  1  1  0   |   -100  -100   100   100    40    40  -140  -140  -140  -140   |   0   ||    98  |   0  0  0  0  0   |   -264  -268 -1376 -1372 -1392 -1384  -292  -284   208   216 
  |   193   |   1   |   1  0  1  1  0   |    -95   -95    95    95    45    45  -135  -135  -145  -145   |   0   ||    98  |   0  0  0  0  0   |   -269  -273 -1381 -1377 -1397 -1389  -297  -289   203   211 
  |   194   |   0   |   1  1  0  1  1   |    -90   -90    90    90    50    50  -130  -130  -150  -150   |   0   ||    98  |   0  0  0  0  0   |   -274  -278 -1386 -1382 -1402 -1394  -302  -294   198   206 
  |   194   |   0   |   1  1  0  1  1   |    -85   -85    95    95    45    45  -125  -125  -145  -145   |   0   ||    98  |   0  0  0  0  0   |   -279  -283 -1391 -1387 -1407 -1399  -307  -299   193   201 
  |   195   |   1   |   0  1  1  0  1   |    -80   -80   100   100    40    40  -120  -120  -140  -140   |   0   ||    99  |   0  0  0  0  0   |   -284  -288 -1396 -1392 -1412 -1404  -312  -304   188   196 
  |   195   |   1   |   0  1  1  0  1   |    -85   -85   105   105    45    45  -125  -125  -135  -135   |   0   ||    99  |   0  0  0  0  0   |   -289  -293 -1401 -1397 -1417 -1409  -317  -309   183   191 
  |   196   |   0   |   1  0  1  1  0   |    -90   -90   110   110    50    50  -130  -130  -130  -130   |   0   ||    99  |   0  0  0  0  0   |   -294  -298 -1406 -1402 -1422 -1414  -322  -314   178   186 
  |   196   |   0   |   1  0  1  1  0   |    -85   -85   105   105    55    55  -125  -125  -135  -135   |   0   ||    99  |   0  0  0  0  0   |   -299  -303 -1411 -1407 -1427 -1419  -327  -319   173   181 
  |   197   |   0   |   0  1  0  1  1   |    -80   -80   100   100    60    60  -120  -120  -140  -140   |   0   ||   100  |   1  0  0  0  0   |   -294  -298 -1416 -1412 -1432 -1424  -332  -324   168   176 
  |   197   |   0   |   0  1  0  1  1   |    -85   -85   105   105    55    55  -115  -115  -135  -135   |   0   ||   100  |   1  0  0  0  0   |   -289  -293 -1421 -1417 -1437 -1429  -337  -329   163   171 
  |   198   |   0   |   0  0  1  0  1   |    -90   -90   110   110    50    50  -110  -110  -130  -130   |   0   ||   100  |   1  1  0  0  0   |   -284  -288 -1416 -1412 -1442 -1434  -342  -334   158   166 
  |   198   |   0   |   0  0  1  0  1   |    -85   -85   115   115    45    45  -105  -105  -135  -135   |   0   ||   100  |   1  1  0  0  0   |   -289  -293 -1421 -1417 -1437 -1429  -337  -329   163   171 
  |   199   |   0   |   0  0  0  1  0   |    -80   -80   120   120    40    40  -100  -100  -140  -140   |   0   ||   101  |   1  1  1  0  0   |   -294  -298 -1426 -1422 -1442 -1434  -332  -324   168   176 
errors: 398
--
DONE
